  0.466695333047E+00
  0.466723476045E+00
  0.466751619042E+00
  0.466779762040E+00
  0.466807905038E+00
  0.466836048036E+00
  0.466864191034E+00
  0.466892334032E+00
  0.466920477029E+00
  0.466948620027E+00
  0.466976763025E+00
  0.467004906023E+00
  0.467033049021E+00
  0.467061192019E+00
  0.467089335016E+00
  0.467117478014E+00
  0.467145621012E+00
  0.467173764010E+00
  0.467201907008E+00
  0.467230050006E+00
  0.467258193003E+00
  0.467286336001E+00
  0.467314478999E+00
  0.467342621997E+00
  0.467370764995E+00
  0.467398907993E+00
  0.467427050990E+00
  0.467455193988E+00
  0.467483336986E+00
  0.467511479984E+00
  0.467539622982E+00
  0.467567765980E+00
  0.467595908977E+00
  0.467624051975E+00
  0.467652194973E+00
  0.467680337971E+00
  0.467708480969E+00
  0.467736623967E+00
  0.467764766964E+00
  0.467792909962E+00
  0.467821052960E+00
  0.467849195958E+00
  0.467877338956E+00
  0.467905481954E+00
  0.467933624951E+00
  0.467961767949E+00
  0.467989910947E+00
  0.468018053945E+00
  0.468046196943E+00
  0.468074339941E+00
  0.468102482938E+00
  0.468130625936E+00
  0.468158768934E+00
  0.468186911932E+00
  0.468215054930E+00
  0.468243197928E+00
  0.468271340925E+00
  0.468299483923E+00
  0.468327626921E+00
  0.468355769919E+00
  0.468383912917E+00
  0.468412055915E+00
  0.468440198912E+00
  0.468468341910E+00
  0.468496484908E+00
  0.468524627906E+00
  0.468552770904E+00
  0.468580913902E+00
  0.468609056899E+00
  0.468637199897E+00
  0.468665342895E+00
  0.468693485893E+00
  0.468721628891E+00
  0.468749771889E+00
  0.468777914886E+00
  0.468806057884E+00
  0.468834200882E+00
  0.468862343880E+00
  0.468890486878E+00
  0.468918629876E+00
  0.468946772873E+00
  0.468974915871E+00
  0.469003058869E+00
  0.469031201867E+00
  0.469059344865E+00
  0.469087487863E+00
  0.469115630860E+00
  0.469143773858E+00
  0.469171916856E+00
  0.469200059854E+00
  0.469228202852E+00
  0.469256345850E+00
  0.469284488847E+00
  0.469312631845E+00
  0.469340774843E+00
  0.469368917841E+00
  0.469397060839E+00
  0.469425203837E+00
  0.469453346834E+00
  0.469481489832E+00
  0.469509632830E+00
  0.469537775828E+00
  0.469565918826E+00
  0.469594061824E+00
  0.469622204821E+00
  0.469650347819E+00
  0.469678490817E+00
  0.469706633815E+00
  0.469734776813E+00
  0.469762919811E+00
  0.469791062808E+00
  0.469819205806E+00
  0.469847348804E+00
  0.469875491802E+00
  0.469903634800E+00
  0.469931777797E+00
  0.469959920795E+00
  0.469988063793E+00
  0.470016206791E+00
  0.470044349789E+00
  0.470072492787E+00
  0.470100635784E+00
  0.470128778782E+00
  0.470156921780E+00
  0.470185064778E+00
  0.470213207776E+00
  0.470241350774E+00
  0.470269493771E+00
  0.470297636769E+00
  0.470325779767E+00
  0.470353922765E+00
  0.470382065763E+00
  0.470410208761E+00
  0.470438351758E+00
  0.470466494756E+00
  0.470494637754E+00
  0.470522780752E+00
  0.470550923750E+00
  0.470579066748E+00
  0.470607209745E+00
  0.470635352743E+00
  0.470663495741E+00
  0.470691638739E+00
  0.470719781737E+00
  0.470747924735E+00
  0.470776067732E+00
  0.470804210730E+00
  0.470832353728E+00
  0.470860496726E+00
  0.470888639724E+00
  0.470916782722E+00
  0.470944925719E+00
  0.470973068717E+00
  0.471001211715E+00
  0.471029354713E+00
  0.471057497711E+00
  0.471085640709E+00
  0.471113783706E+00
  0.471141926704E+00
  0.471170069702E+00
  0.471198212700E+00
  0.471226355698E+00
  0.471254498696E+00
  0.471282641693E+00
  0.471310784691E+00
  0.471338927689E+00
  0.471367070687E+00
  0.471395213685E+00
  0.471423356683E+00
  0.471451499680E+00
  0.471479642678E+00
  0.471507785676E+00
  0.471535928674E+00
  0.471564071672E+00
  0.471592214670E+00
  0.471620357667E+00
  0.471648500665E+00
  0.471676643663E+00
  0.471704786661E+00
  0.471732929659E+00
  0.471761072657E+00
  0.471789215654E+00
  0.471817358652E+00
  0.471845501650E+00
  0.471873644648E+00
  0.471901787646E+00
  0.471929930644E+00
  0.471958073641E+00
  0.471986216639E+00
  0.472014359637E+00
  0.472042502635E+00
  0.472070645633E+00
  0.472098788631E+00
  0.472126931628E+00
  0.472155074626E+00
  0.472183217624E+00
  0.472211360622E+00
  0.472239503620E+00
  0.472267646618E+00
  0.472295789615E+00
  0.472323932613E+00
  0.472352075611E+00
  0.472380218609E+00
  0.472408361607E+00
  0.472436504605E+00
  0.472464647602E+00
  0.472492790600E+00
  0.472520933598E+00
  0.472549076596E+00
  0.472577219594E+00
  0.472605362592E+00
  0.472633505589E+00
  0.472661648587E+00
  0.472689791585E+00
  0.472717934583E+00
  0.472746077581E+00
  0.472774220579E+00
  0.472802363576E+00
  0.472830506574E+00
  0.472858649572E+00
  0.472886792570E+00
  0.472914935568E+00
  0.472943078566E+00
  0.472971221563E+00
  0.472999364561E+00
  0.473027507559E+00
  0.473055650557E+00
  0.473083793555E+00
  0.473111936553E+00
  0.473140079550E+00
  0.473168222548E+00
  0.473196365546E+00
  0.473224508544E+00
  0.473252651542E+00
  0.473280794539E+00
  0.473308937537E+00
  0.473337080535E+00
  0.473365223533E+00
  0.473393366531E+00
  0.473421509529E+00
  0.473449652526E+00
  0.473477795524E+00
  0.473505938522E+00
  0.473534081520E+00
  0.473562224518E+00
  0.473590367516E+00
  0.473618510513E+00
  0.473646653511E+00
  0.473674796509E+00
  0.473702939507E+00
  0.473731082505E+00
  0.473759225503E+00
  0.473787368500E+00
  0.473815511498E+00
  0.473843654496E+00
  0.473871797494E+00
  0.473899940492E+00
  0.473928083490E+00
  0.473956226487E+00
  0.473984369485E+00
  0.474012512483E+00
  0.474040655481E+00
  0.474068798479E+00
  0.474096941477E+00
  0.474125084474E+00
  0.474153227472E+00
  0.474181370470E+00
  0.474209513468E+00
  0.474237656466E+00
  0.474265799464E+00
  0.474293942461E+00
  0.474322085459E+00
  0.474350228457E+00
  0.474378371455E+00
  0.474406514453E+00
  0.474434657451E+00
  0.474462800448E+00
  0.474490943446E+00
  0.474519086444E+00
  0.474547229442E+00
  0.474575372440E+00
  0.474603515438E+00
  0.474631658435E+00
  0.474659801433E+00
  0.474687944431E+00
  0.474716087429E+00
  0.474744230427E+00
  0.474772373425E+00
  0.474800516422E+00
  0.474828659420E+00
  0.474856802418E+00
  0.474884945416E+00
  0.474913088414E+00
  0.474941231412E+00
  0.474969374409E+00
  0.474997517407E+00
  0.475025660405E+00
  0.475053803403E+00
  0.475081946401E+00
  0.475110089399E+00
  0.475138232396E+00
  0.475166375394E+00
  0.475194518392E+00
  0.475222661390E+00
  0.475250804388E+00
  0.475278947386E+00
  0.475307090383E+00
  0.475335233381E+00
  0.475363376379E+00
  0.475391519377E+00
  0.475419662375E+00
  0.475447805373E+00
  0.475475948370E+00
  0.475504091368E+00
  0.475532234366E+00
  0.475560377364E+00
  0.475588520362E+00
  0.475616663360E+00
  0.475644806357E+00
  0.475672949355E+00
  0.475701092353E+00
  0.475729235351E+00
  0.475757378349E+00
  0.475785521347E+00
  0.475813664344E+00
  0.475841807342E+00
  0.475869950340E+00
  0.475898093338E+00
  0.475926236336E+00
  0.475954379334E+00
  0.475982522331E+00
  0.476010665329E+00
  0.476038808327E+00
  0.476066951325E+00
  0.476095094323E+00
  0.476123237321E+00
  0.476151380318E+00
  0.476179523316E+00
  0.476207666314E+00
  0.476235809312E+00
  0.476263952310E+00
  0.476292095308E+00
  0.476320238305E+00
  0.476348381303E+00
  0.476376524301E+00
  0.476404667299E+00
  0.476432810297E+00
  0.476460953295E+00
  0.476489096292E+00
  0.476517239290E+00
  0.476545382288E+00
  0.476573525286E+00
  0.476601668284E+00
  0.476629811281E+00
  0.476657954279E+00
  0.476686097277E+00
  0.476714240275E+00
  0.476742383273E+00
  0.476770526271E+00
  0.476798669268E+00
  0.476826812266E+00
  0.476854955264E+00
  0.476883098262E+00
  0.476911241260E+00
  0.476939384258E+00
  0.476967527255E+00
  0.476995670253E+00
  0.477023813251E+00
  0.477051956249E+00
  0.477080099247E+00
  0.477108242245E+00
  0.477136385242E+00
  0.477164528240E+00
  0.477192671238E+00
  0.477220814236E+00
  0.477248957234E+00
  0.477277100232E+00
  0.477305243229E+00
  0.477333386227E+00
  0.477361529225E+00
  0.477389672223E+00
  0.477417815221E+00
  0.477445958219E+00
  0.477474101216E+00
  0.477502244214E+00
  0.477530387212E+00
  0.477558530210E+00
  0.477586673208E+00
  0.477614816206E+00
  0.477642959203E+00
  0.477671102201E+00
  0.477699245199E+00
  0.477727388197E+00
  0.477755531195E+00
  0.477783674193E+00
  0.477811817190E+00
  0.477839960188E+00
  0.477868103186E+00
  0.477896246184E+00
  0.477924389182E+00
  0.477952532180E+00
  0.477980675177E+00
  0.478008818175E+00
  0.478036961173E+00
  0.478065104171E+00
  0.478093247169E+00
  0.478121390167E+00
  0.478149533164E+00
  0.478177676162E+00
  0.478205819160E+00
  0.478233962158E+00
  0.478262105156E+00
  0.478290248154E+00
  0.478318391151E+00
  0.478346534149E+00
  0.478374677147E+00
  0.478402820145E+00
  0.478430963143E+00
  0.478459106141E+00
  0.478487249138E+00
  0.478515392136E+00
  0.478543535134E+00
  0.478571678132E+00
  0.478599821130E+00
  0.478627964128E+00
  0.478656107125E+00
  0.478684250123E+00
  0.478712393121E+00
  0.478740536119E+00
  0.478768679117E+00
  0.478796822115E+00
  0.478824965112E+00
  0.478853108110E+00
  0.478881251108E+00
  0.478909394106E+00
  0.478937537104E+00
  0.478965680102E+00
  0.478993823099E+00
  0.479021966097E+00
  0.479050109095E+00
  0.479078252093E+00
  0.479106395091E+00
  0.479134538089E+00
  0.479162681086E+00
  0.479190824084E+00
  0.479218967082E+00
  0.479247110080E+00
  0.479275253078E+00
  0.479303396076E+00
  0.479331539073E+00
  0.479359682071E+00
  0.479387825069E+00
  0.479415968067E+00
  0.479444111065E+00
  0.479472254063E+00
  0.479500397060E+00
  0.479528540058E+00
  0.479556683056E+00
  0.479584826054E+00
  0.479612969052E+00
  0.479641112050E+00
  0.479669255047E+00
  0.479697398045E+00
  0.479725541043E+00
  0.479753684041E+00
  0.479781827039E+00
  0.479809970036E+00
  0.479838113034E+00
  0.479866256032E+00
  0.479894399030E+00
  0.479922542028E+00
  0.479950685026E+00
  0.479978828023E+00
  0.480006971021E+00
  0.480035114019E+00
  0.480063257017E+00
  0.480091400015E+00
  0.480119543013E+00
  0.480147686010E+00
  0.480175829008E+00
  0.480203972006E+00
  0.480232115004E+00
  0.480260258002E+00
  0.480288401000E+00
  0.480316543997E+00
  0.480344686995E+00
  0.480372829993E+00
  0.480400972991E+00
  0.480429115989E+00
  0.480457258987E+00
  0.480485401984E+00
  0.480513544982E+00
  0.480541687980E+00
  0.480569830978E+00
  0.480597973976E+00
  0.480626116974E+00
  0.480654259971E+00
  0.480682402969E+00
  0.480710545967E+00
  0.480738688965E+00
  0.480766831963E+00
  0.480794974961E+00
  0.480823117958E+00
  0.480851260956E+00
  0.480879403954E+00
  0.480907546952E+00
  0.480935689950E+00
  0.480963832948E+00
  0.480991975945E+00
  0.481020118943E+00
  0.481048261941E+00
  0.481076404939E+00
  0.481104547937E+00
  0.481132690935E+00
  0.481160833932E+00
  0.481188976930E+00
  0.481217119928E+00
  0.481245262926E+00
  0.481273405924E+00
  0.481301548922E+00
  0.481329691919E+00
  0.481357834917E+00
  0.481385977915E+00
  0.481414120913E+00
  0.481442263911E+00
  0.481470406909E+00
  0.481498549906E+00
  0.481526692904E+00
  0.481554835902E+00
  0.481582978900E+00
  0.481611121898E+00
  0.481639264896E+00
  0.481667407893E+00
  0.481695550891E+00
  0.481723693889E+00
  0.481751836887E+00
  0.481779979885E+00
  0.481808122883E+00
  0.481836265880E+00
  0.481864408878E+00
  0.481892551876E+00
  0.481920694874E+00
  0.481948837872E+00
  0.481976980870E+00
  0.482005123867E+00
  0.482033266865E+00
  0.482061409863E+00
  0.482089552861E+00
  0.482117695859E+00
  0.482145838857E+00
  0.482173981854E+00
  0.482202124852E+00
  0.482230267850E+00
  0.482258410848E+00
  0.482286553846E+00
  0.482314696844E+00
  0.482342839841E+00
  0.482370982839E+00
  0.482399125837E+00
  0.482427268835E+00
  0.482455411833E+00
  0.482483554831E+00
  0.482511697828E+00
  0.482539840826E+00
  0.482567983824E+00
  0.482596126822E+00
  0.482624269820E+00
  0.482652412818E+00
  0.482680555815E+00
  0.482708698813E+00
  0.482736841811E+00
  0.482764984809E+00
  0.482793127807E+00
  0.482821270805E+00
  0.482849413802E+00
  0.482877556800E+00
  0.482905699798E+00
  0.482933842796E+00
  0.482961985794E+00
  0.482990128791E+00
  0.483018271789E+00
  0.483046414787E+00
  0.483074557785E+00
  0.483102700783E+00
  0.483130843781E+00
  0.483158986778E+00
  0.483187129776E+00
  0.483215272774E+00
  0.483243415772E+00
  0.483271558770E+00
  0.483299701768E+00
  0.483327844765E+00
  0.483355987763E+00
  0.483384130761E+00
  0.483412273759E+00
  0.483440416757E+00
  0.483468559755E+00
  0.483496702752E+00
  0.483524845750E+00
  0.483552988748E+00
  0.483581131746E+00
  0.483609274744E+00
  0.483637417742E+00
  0.483665560739E+00
  0.483693703737E+00
  0.483721846735E+00
  0.483749989733E+00
  0.483778132731E+00
  0.483806275729E+00
  0.483834418726E+00
  0.483862561724E+00
  0.483890704722E+00
  0.483918847720E+00
  0.483946990718E+00
  0.483975133716E+00
  0.484003276713E+00
  0.484031419711E+00
  0.484059562709E+00
  0.484087705707E+00
  0.484115848705E+00
  0.484143991703E+00
  0.484172134700E+00
  0.484200277698E+00
  0.484228420696E+00
  0.484256563694E+00
  0.484284706692E+00
  0.484312849690E+00
  0.484340992687E+00
  0.484369135685E+00
  0.484397278683E+00
  0.484425421681E+00
  0.484453564679E+00
  0.484481707677E+00
  0.484509850674E+00
  0.484537993672E+00
  0.484566136670E+00
  0.484594279668E+00
  0.484622422666E+00
  0.484650565664E+00
  0.484678708661E+00
  0.484706851659E+00
  0.484734994657E+00
  0.484763137655E+00
  0.484791280653E+00
  0.484819423651E+00
  0.484847566648E+00
  0.484875709646E+00
  0.484903852644E+00
  0.484931995642E+00
  0.484960138640E+00
  0.484988281638E+00
  0.485016424635E+00
  0.485044567633E+00
  0.485072710631E+00
  0.485100853629E+00
  0.485128996627E+00
  0.485157139625E+00
  0.485185282622E+00
  0.485213425620E+00
  0.485241568618E+00
  0.485269711616E+00
  0.485297854614E+00
  0.485325997612E+00
  0.485354140609E+00
  0.485382283607E+00
  0.485410426605E+00
  0.485438569603E+00
  0.485466712601E+00
  0.485494855599E+00
  0.485522998596E+00
  0.485551141594E+00
  0.485579284592E+00
  0.485607427590E+00
  0.485635570588E+00
  0.485663713586E+00
  0.485691856583E+00
  0.485719999581E+00
  0.485748142579E+00
  0.485776285577E+00
  0.485804428575E+00
  0.485832571573E+00
  0.485860714570E+00
  0.485888857568E+00
  0.485917000566E+00
  0.485945143564E+00
  0.485973286562E+00
  0.486001429560E+00
  0.486029572557E+00
  0.486057715555E+00
  0.486085858553E+00
  0.486114001551E+00
  0.486142144549E+00
  0.486170287547E+00
  0.486198430544E+00
  0.486226573542E+00
  0.486254716540E+00
  0.486282859538E+00
  0.486311002536E+00
  0.486339145533E+00
  0.486367288531E+00
  0.486395431529E+00
  0.486423574527E+00
  0.486451717525E+00
  0.486479860523E+00
  0.486508003520E+00
  0.486536146518E+00
  0.486564289516E+00
  0.486592432514E+00
  0.486620575512E+00
  0.486648718510E+00
  0.486676861507E+00
  0.486705004505E+00
  0.486733147503E+00
  0.486761290501E+00
  0.486789433499E+00
  0.486817576497E+00
  0.486845719494E+00
  0.486873862492E+00
  0.486902005490E+00
  0.486930148488E+00
  0.486958291486E+00
  0.486986434484E+00
  0.487014577481E+00
  0.487042720479E+00
  0.487070863477E+00
  0.487099006475E+00
  0.487127149473E+00
  0.487155292471E+00
  0.487183435468E+00
  0.487211578466E+00
  0.487239721464E+00
  0.487267864462E+00
  0.487296007460E+00
  0.487324150458E+00
  0.487352293455E+00
  0.487380436453E+00
  0.487408579451E+00
  0.487436722449E+00
  0.487464865447E+00
  0.487493008445E+00
  0.487521151442E+00
  0.487549294440E+00
  0.487577437438E+00
  0.487605580436E+00
  0.487633723434E+00
  0.487661866432E+00
  0.487690009429E+00
  0.487718152427E+00
  0.487746295425E+00
  0.487774438423E+00
  0.487802581421E+00
  0.487830724419E+00
  0.487858867416E+00
  0.487887010414E+00
  0.487915153412E+00
  0.487943296410E+00
  0.487971439408E+00
  0.487999582406E+00
  0.488027725403E+00
  0.488055868401E+00
  0.488084011399E+00
  0.488112154397E+00
  0.488140297395E+00
  0.488168440393E+00
  0.488196583390E+00
  0.488224726388E+00
  0.488252869386E+00
  0.488281012384E+00
  0.488309155382E+00
  0.488337298380E+00
  0.488365441377E+00
  0.488393584375E+00
  0.488421727373E+00
  0.488449870371E+00
  0.488478013369E+00
  0.488506156367E+00
  0.488534299364E+00
  0.488562442362E+00
  0.488590585360E+00
  0.488618728358E+00
  0.488646871356E+00
  0.488675014354E+00
  0.488703157351E+00
  0.488731300349E+00
  0.488759443347E+00
  0.488787586345E+00
  0.488815729343E+00
  0.488843872341E+00
  0.488872015338E+00
  0.488900158336E+00
  0.488928301334E+00
  0.488956444332E+00
  0.488984587330E+00
  0.489012730328E+00
  0.489040873325E+00
  0.489069016323E+00
  0.489097159321E+00
  0.489125302319E+00
  0.489153445317E+00
  0.489181588315E+00
  0.489209731312E+00
  0.489237874310E+00
  0.489266017308E+00
  0.489294160306E+00
  0.489322303304E+00
  0.489350446302E+00
  0.489378589299E+00
  0.489406732297E+00
  0.489434875295E+00
  0.489463018293E+00
  0.489491161291E+00
  0.489519304289E+00
  0.489547447286E+00
  0.489575590284E+00
  0.489603733282E+00
  0.489631876280E+00
  0.489660019278E+00
  0.489688162275E+00
  0.489716305273E+00
  0.489744448271E+00
  0.489772591269E+00
  0.489800734267E+00
  0.489828877265E+00
  0.489857020262E+00
  0.489885163260E+00
  0.489913306258E+00
  0.489941449256E+00
  0.489969592254E+00
  0.489997735252E+00
  0.490025878249E+00
  0.490054021247E+00
  0.490082164245E+00
  0.490110307243E+00
  0.490138450241E+00
  0.490166593239E+00
  0.490194736236E+00
  0.490222879234E+00
  0.490251022232E+00
  0.490279165230E+00
  0.490307308228E+00
  0.490335451226E+00
  0.490363594223E+00
  0.490391737221E+00
  0.490419880219E+00
  0.490448023217E+00
  0.490476166215E+00
  0.490504309213E+00
  0.490532452210E+00
  0.490560595208E+00
  0.490588738206E+00
  0.490616881204E+00
  0.490645024202E+00
  0.490673167200E+00
  0.490701310197E+00
  0.490729453195E+00
  0.490757596193E+00
  0.490785739191E+00
  0.490813882189E+00
  0.490842025187E+00
  0.490870168184E+00
  0.490898311182E+00
  0.490926454180E+00
  0.490954597178E+00
  0.490982740176E+00
  0.491010883174E+00
  0.491039026171E+00
  0.491067169169E+00
  0.491095312167E+00
  0.491123455165E+00
  0.491151598163E+00
  0.491179741161E+00
  0.491207884158E+00
  0.491236027156E+00
  0.491264170154E+00
  0.491292313152E+00
  0.491320456150E+00
  0.491348599148E+00
  0.491376742145E+00
  0.491404885143E+00
  0.491433028141E+00
  0.491461171139E+00
  0.491489314137E+00
  0.491517457135E+00
  0.491545600132E+00
  0.491573743130E+00
  0.491601886128E+00
  0.491630029126E+00
  0.491658172124E+00
  0.491686315122E+00
  0.491714458119E+00
  0.491742601117E+00
  0.491770744115E+00
  0.491798887113E+00
  0.491827030111E+00
  0.491855173109E+00
  0.491883316106E+00
  0.491911459104E+00
  0.491939602102E+00
  0.491967745100E+00
  0.491995888098E+00
  0.492024031096E+00
  0.492052174093E+00
  0.492080317091E+00
  0.492108460089E+00
  0.492136603087E+00
  0.492164746085E+00
  0.492192889083E+00
  0.492221032080E+00
  0.492249175078E+00
  0.492277318076E+00
  0.492305461074E+00
  0.492333604072E+00
  0.492361747070E+00
  0.492389890067E+00
  0.492418033065E+00
  0.492446176063E+00
  0.492474319061E+00
  0.492502462059E+00
  0.492530605057E+00
  0.492558748054E+00
  0.492586891052E+00
  0.492615034050E+00
  0.492643177048E+00
  0.492671320046E+00
  0.492699463044E+00
  0.492727606041E+00
  0.492755749039E+00
  0.492783892037E+00
  0.492812035035E+00
  0.492840178033E+00
  0.492868321031E+00
  0.492896464028E+00
  0.492924607026E+00
  0.492952750024E+00
  0.492980893022E+00
  0.493009036020E+00
  0.493037179017E+00
  0.493065322015E+00
  0.493093465013E+00
  0.493121608011E+00
  0.493149751009E+00
  0.493177894007E+00
  0.493206037004E+00
  0.493234180002E+00
  0.493262323000E+00
  0.493290465998E+00
  0.493318608996E+00
  0.493346751994E+00
  0.493374894991E+00
  0.493403037989E+00
  0.493431180987E+00
  0.493459323985E+00
  0.493487466983E+00
  0.493515609981E+00
  0.493543752978E+00
  0.493571895976E+00
  0.493600038974E+00
  0.493628181972E+00
  0.493656324970E+00
  0.493684467968E+00
  0.493712610965E+00
  0.493740753963E+00
  0.493768896961E+00
  0.493797039959E+00
  0.493825182957E+00
  0.493853325955E+00
  0.493881468952E+00
  0.493909611950E+00
  0.493937754948E+00
  0.493965897946E+00
  0.493994040944E+00
  0.494022183942E+00
  0.494050326939E+00
  0.494078469937E+00
  0.494106612935E+00
  0.494134755933E+00
  0.494162898931E+00
  0.494191041929E+00
  0.494219184926E+00
  0.494247327924E+00
  0.494275470922E+00
  0.494303613920E+00
  0.494331756918E+00
  0.494359899916E+00
  0.494388042913E+00
  0.494416185911E+00
  0.494444328909E+00
  0.494472471907E+00
  0.494500614905E+00
  0.494528757903E+00
  0.494556900900E+00
  0.494585043898E+00
  0.494613186896E+00
  0.494641329894E+00
  0.494669472892E+00
  0.494697615890E+00
  0.494725758887E+00
  0.494753901885E+00
  0.494782044883E+00
  0.494810187881E+00
  0.494838330879E+00
  0.494866473877E+00
  0.494894616874E+00
  0.494922759872E+00
  0.494950902870E+00
  0.494979045868E+00
  0.495007188866E+00
  0.495035331864E+00
  0.495063474861E+00
  0.495091617859E+00
  0.495119760857E+00
  0.495147903855E+00
  0.495176046853E+00
  0.495204189851E+00
  0.495232332848E+00
  0.495260475846E+00
  0.495288618844E+00
  0.495316761842E+00
  0.495344904840E+00
  0.495373047838E+00
  0.495401190835E+00
  0.495429333833E+00
  0.495457476831E+00
  0.495485619829E+00
  0.495513762827E+00
  0.495541905825E+00
  0.495570048822E+00
  0.495598191820E+00
  0.495626334818E+00
  0.495654477816E+00
  0.495682620814E+00
  0.495710763812E+00
  0.495738906809E+00
  0.495767049807E+00
  0.495795192805E+00
  0.495823335803E+00
  0.495851478801E+00
  0.495879621799E+00
  0.495907764796E+00
  0.495935907794E+00
  0.495964050792E+00
  0.495992193790E+00
  0.496020336788E+00
  0.496048479786E+00
  0.496076622783E+00
  0.496104765781E+00
  0.496132908779E+00
  0.496161051777E+00
  0.496189194775E+00
  0.496217337773E+00
  0.496245480770E+00
  0.496273623768E+00
  0.496301766766E+00
  0.496329909764E+00
  0.496358052762E+00
  0.496386195759E+00
  0.496414338757E+00
  0.496442481755E+00
  0.496470624753E+00
  0.496498767751E+00
  0.496526910749E+00
  0.496555053746E+00
  0.496583196744E+00
  0.496611339742E+00
  0.496639482740E+00
  0.496667625738E+00
  0.496695768736E+00
  0.496723911733E+00
  0.496752054731E+00
  0.496780197729E+00
  0.496808340727E+00
  0.496836483725E+00
  0.496864626723E+00
  0.496892769720E+00
  0.496920912718E+00
  0.496949055716E+00
  0.496977198714E+00
  0.497005341712E+00
  0.497033484710E+00
  0.497061627707E+00
  0.497089770705E+00
  0.497117913703E+00
  0.497146056701E+00
  0.497174199699E+00
  0.497202342697E+00
  0.497230485694E+00
  0.497258628692E+00
  0.497286771690E+00
  0.497314914688E+00
  0.497343057686E+00
  0.497371200684E+00
  0.497399343681E+00
  0.497427486679E+00
  0.497455629677E+00
  0.497483772675E+00
  0.497511915673E+00
  0.497540058671E+00
  0.497568201668E+00
  0.497596344666E+00
  0.497624487664E+00
  0.497652630662E+00
  0.497680773660E+00
  0.497708916658E+00
  0.497737059655E+00
  0.497765202653E+00
  0.497793345651E+00
  0.497821488649E+00
  0.497849631647E+00
  0.497877774645E+00
  0.497905917642E+00
  0.497934060640E+00
  0.497962203638E+00
  0.497990346636E+00
  0.498018489634E+00
  0.498046632632E+00
  0.498074775629E+00
  0.498102918627E+00
  0.498131061625E+00
  0.498159204623E+00
  0.498187347621E+00
  0.498215490619E+00
  0.498243633616E+00
  0.498271776614E+00
  0.498299919612E+00
  0.498328062610E+00
  0.498356205608E+00
  0.498384348606E+00
  0.498412491603E+00
  0.498440634601E+00
  0.498468777599E+00
  0.498496920597E+00
  0.498525063595E+00
  0.498553206593E+00
  0.498581349590E+00
  0.498609492588E+00
  0.498637635586E+00
  0.498665778584E+00
  0.498693921582E+00
  0.498722064580E+00
  0.498750207577E+00
  0.498778350575E+00
  0.498806493573E+00
  0.498834636571E+00
  0.498862779569E+00
  0.498890922567E+00
  0.498919065564E+00
  0.498947208562E+00
  0.498975351560E+00
  0.499003494558E+00
  0.499031637556E+00
  0.499059780554E+00
  0.499087923551E+00
  0.499116066549E+00
  0.499144209547E+00
  0.499172352545E+00
  0.499200495543E+00
  0.499228638541E+00
  0.499256781538E+00
  0.499284924536E+00
  0.499313067534E+00
  0.499341210532E+00
  0.499369353530E+00
  0.499397496528E+00
  0.499425639525E+00
  0.499453782523E+00
  0.499481925521E+00
  0.499510068519E+00
  0.499538211517E+00
  0.499566354514E+00
  0.499594497512E+00
  0.499622640510E+00
  0.499650783508E+00
  0.499678926506E+00
  0.499707069504E+00
  0.499735212501E+00
  0.499763355499E+00
  0.499791498497E+00
  0.499819641495E+00
  0.499847784493E+00
  0.499875927491E+00
  0.499904070488E+00
  0.499932213486E+00
  0.499960356484E+00
  0.499988499482E+00
  0.500016642480E+00
  0.500044785478E+00
  0.500072928475E+00
  0.500101071473E+00
  0.500129214471E+00
  0.500157357469E+00
  0.500185500467E+00
  0.500213643465E+00
  0.500241786462E+00
  0.500269929460E+00
  0.500298072458E+00
  0.500326215456E+00
  0.500354358454E+00
  0.500382501452E+00
  0.500410644449E+00
  0.500438787447E+00
  0.500466930445E+00
  0.500495073443E+00
  0.500523216441E+00
  0.500551359439E+00
  0.500579502436E+00
  0.500607645434E+00
  0.500635788432E+00
  0.500663931430E+00
  0.500692074428E+00
  0.500720217426E+00
  0.500748360423E+00
  0.500776503421E+00
  0.500804646419E+00
  0.500832789417E+00
  0.500860932415E+00
  0.500889075413E+00
  0.500917218410E+00
  0.500945361408E+00
  0.500973504406E+00
  0.501001647404E+00
  0.501029790402E+00
  0.501057933400E+00
  0.501086076397E+00
  0.501114219395E+00
  0.501142362393E+00
  0.501170505391E+00
  0.501198648389E+00
  0.501226791387E+00
  0.501254934384E+00
  0.501283077382E+00
  0.501311220380E+00
  0.501339363378E+00
  0.501367506376E+00
  0.501395649374E+00
  0.501423792371E+00
  0.501451935369E+00
  0.501480078367E+00
  0.501508221365E+00
  0.501536364363E+00
  0.501564507361E+00
  0.501592650358E+00
  0.501620793356E+00
  0.501648936354E+00
  0.501677079352E+00
  0.501705222350E+00
  0.501733365348E+00
  0.501761508345E+00
  0.501789651343E+00
  0.501817794341E+00
  0.501845937339E+00
  0.501874080337E+00
  0.501902223335E+00
  0.501930366332E+00
  0.501958509330E+00
  0.501986652328E+00
  0.502014795326E+00
  0.502042938324E+00
  0.502071081322E+00
  0.502099224319E+00
  0.502127367317E+00
  0.502155510315E+00
  0.502183653313E+00
  0.502211796311E+00
  0.502239939309E+00
  0.502268082306E+00
  0.502296225304E+00
  0.502324368302E+00
  0.502352511300E+00
  0.502380654298E+00
  0.502408797296E+00
  0.502436940293E+00
  0.502465083291E+00
  0.502493226289E+00
  0.502521369287E+00
  0.502549512285E+00
  0.502577655283E+00
  0.502605798280E+00
  0.502633941278E+00
  0.502662084276E+00
  0.502690227274E+00
  0.502718370272E+00
  0.502746513270E+00
  0.502774656267E+00
  0.502802799265E+00
  0.502830942263E+00
  0.502859085261E+00
  0.502887228259E+00
  0.502915371256E+00
  0.502943514254E+00
  0.502971657252E+00
  0.502999800250E+00
  0.503027943248E+00
  0.503056086246E+00
  0.503084229243E+00
  0.503112372241E+00
  0.503140515239E+00
  0.503168658237E+00
  0.503196801235E+00
  0.503224944233E+00
  0.503253087230E+00
  0.503281230228E+00
  0.503309373226E+00
  0.503337516224E+00
  0.503365659222E+00
  0.503393802220E+00
  0.503421945217E+00
  0.503450088215E+00
  0.503478231213E+00
  0.503506374211E+00
  0.503534517209E+00
  0.503562660207E+00
  0.503590803204E+00
  0.503618946202E+00
  0.503647089200E+00
  0.503675232198E+00
  0.503703375196E+00
  0.503731518194E+00
  0.503759661191E+00
  0.503787804189E+00
  0.503815947187E+00
  0.503844090185E+00
  0.503872233183E+00
  0.503900376181E+00
  0.503928519178E+00
  0.503956662176E+00
  0.503984805174E+00
  0.504012948172E+00
  0.504041091170E+00
  0.504069234168E+00
  0.504097377165E+00
  0.504125520163E+00
  0.504153663161E+00
  0.504181806159E+00
  0.504209949157E+00
  0.504238092155E+00
  0.504266235152E+00
  0.504294378150E+00
  0.504322521148E+00
  0.504350664146E+00
  0.504378807144E+00
  0.504406950142E+00
  0.504435093139E+00
  0.504463236137E+00
  0.504491379135E+00
  0.504519522133E+00
  0.504547665131E+00
  0.504575808129E+00
  0.504603951126E+00
  0.504632094124E+00
  0.504660237122E+00
  0.504688380120E+00
  0.504716523118E+00
  0.504744666116E+00
  0.504772809113E+00
  0.504800952111E+00
  0.504829095109E+00
  0.504857238107E+00
  0.504885381105E+00
  0.504913524103E+00
  0.504941667100E+00
  0.504969810098E+00
  0.504997953096E+00
  0.505026096094E+00
  0.505054239092E+00
  0.505082382090E+00
  0.505110525087E+00
  0.505138668085E+00
  0.505166811083E+00
  0.505194954081E+00
  0.505223097079E+00
  0.505251240077E+00
  0.505279383074E+00
  0.505307526072E+00
  0.505335669070E+00
  0.505363812068E+00
  0.505391955066E+00
  0.505420098064E+00
  0.505448241061E+00
  0.505476384059E+00
  0.505504527057E+00
  0.505532670055E+00
  0.505560813053E+00
  0.505588956051E+00
  0.505617099048E+00
  0.505645242046E+00
  0.505673385044E+00
  0.505701528042E+00
  0.505729671040E+00
  0.505757814038E+00
  0.505785957035E+00
  0.505814100033E+00
  0.505842243031E+00
  0.505870386029E+00
  0.505898529027E+00
  0.505926672025E+00
  0.505954815022E+00
  0.505982958020E+00
  0.506011101018E+00
  0.506039244016E+00
  0.506067387014E+00
  0.506095530012E+00
  0.506123673009E+00
  0.506151816007E+00
  0.506179959005E+00
  0.506208102003E+00
  0.506236245001E+00
  0.506264387999E+00
  0.506292530996E+00
  0.506320673994E+00
  0.506348816992E+00
  0.506376959990E+00
  0.506405102988E+00
  0.506433245985E+00
  0.506461388983E+00
  0.506489531981E+00
  0.506517674979E+00
  0.506545817977E+00
  0.506573960975E+00
  0.506602103972E+00
  0.506630246970E+00
  0.506658389968E+00
  0.506686532966E+00
  0.506714675964E+00
  0.506742818962E+00
  0.506770961959E+00
  0.506799104957E+00
  0.506827247955E+00
  0.506855390953E+00
  0.506883533951E+00
  0.506911676949E+00
  0.506939819946E+00
  0.506967962944E+00
  0.506996105942E+00
  0.507024248940E+00
  0.507052391938E+00
  0.507080534936E+00
  0.507108677933E+00
  0.507136820931E+00
  0.507164963929E+00
  0.507193106927E+00
  0.507221249925E+00
  0.507249392923E+00
  0.507277535920E+00
  0.507305678918E+00
  0.507333821916E+00
  0.507361964914E+00
  0.507390107912E+00
  0.507418250910E+00
  0.507446393907E+00
  0.507474536905E+00
  0.507502679903E+00
  0.507530822901E+00
  0.507558965899E+00
  0.507587108897E+00
  0.507615251894E+00
  0.507643394892E+00
  0.507671537890E+00
  0.507699680888E+00
  0.507727823886E+00
  0.507755966884E+00
  0.507784109881E+00
  0.507812252879E+00
  0.507840395877E+00
  0.507868538875E+00
  0.507896681873E+00
  0.507924824871E+00
  0.507952967868E+00
  0.507981110866E+00
  0.508009253864E+00
  0.508037396862E+00
  0.508065539860E+00
  0.508093682858E+00
  0.508121825855E+00
  0.508149968853E+00
  0.508178111851E+00
  0.508206254849E+00
  0.508234397847E+00
  0.508262540845E+00
  0.508290683842E+00
  0.508318826840E+00
  0.508346969838E+00
  0.508375112836E+00
  0.508403255834E+00
  0.508431398832E+00
  0.508459541829E+00
  0.508487684827E+00
  0.508515827825E+00
  0.508543970823E+00
  0.508572113821E+00
  0.508600256819E+00
  0.508628399816E+00
  0.508656542814E+00
  0.508684685812E+00
  0.508712828810E+00
  0.508740971808E+00
  0.508769114806E+00
  0.508797257803E+00
  0.508825400801E+00
  0.508853543799E+00
  0.508881686797E+00
  0.508909829795E+00
  0.508937972793E+00
  0.508966115790E+00
  0.508994258788E+00
  0.509022401786E+00
  0.509050544784E+00
  0.509078687782E+00
  0.509106830780E+00
  0.509134973777E+00
  0.509163116775E+00
  0.509191259773E+00
  0.509219402771E+00
  0.509247545769E+00
  0.509275688767E+00
  0.509303831764E+00
  0.509331974762E+00
  0.509360117760E+00
  0.509388260758E+00
  0.509416403756E+00
  0.509444546754E+00
  0.509472689751E+00
  0.509500832749E+00
  0.509528975747E+00
  0.509557118745E+00
  0.509585261743E+00
  0.509613404740E+00
  0.509641547738E+00
  0.509669690736E+00
  0.509697833734E+00
  0.509725976732E+00
  0.509754119730E+00
  0.509782262727E+00
  0.509810405725E+00
  0.509838548723E+00
  0.509866691721E+00
  0.509894834719E+00
  0.509922977717E+00
  0.509951120714E+00
  0.509979263712E+00
  0.510007406710E+00
  0.510035549708E+00
  0.510063692706E+00
  0.510091835704E+00
  0.510119978701E+00
  0.510148121699E+00
  0.510176264697E+00
  0.510204407695E+00
  0.510232550693E+00
  0.510260693691E+00
  0.510288836688E+00
  0.510316979686E+00
  0.510345122684E+00
  0.510373265682E+00
  0.510401408680E+00
  0.510429551678E+00
  0.510457694675E+00
  0.510485837673E+00
  0.510513980671E+00
  0.510542123669E+00
  0.510570266667E+00
  0.510598409665E+00
  0.510626552662E+00
  0.510654695660E+00
  0.510682838658E+00
  0.510710981656E+00
  0.510739124654E+00
  0.510767267652E+00
  0.510795410649E+00
  0.510823553647E+00
  0.510851696645E+00
  0.510879839643E+00
  0.510907982641E+00
  0.510936125639E+00
  0.510964268636E+00
  0.510992411634E+00
  0.511020554632E+00
  0.511048697630E+00
  0.511076840628E+00
  0.511104983626E+00
  0.511133126623E+00
  0.511161269621E+00
  0.511189412619E+00
  0.511217555617E+00
  0.511245698615E+00
  0.511273841613E+00
  0.511301984610E+00
  0.511330127608E+00
  0.511358270606E+00
  0.511386413604E+00
  0.511414556602E+00
  0.511442699600E+00
  0.511470842597E+00
  0.511498985595E+00
  0.511527128593E+00
  0.511555271591E+00
  0.511583414589E+00
  0.511611557587E+00
  0.511639700584E+00
  0.511667843582E+00
  0.511695986580E+00
  0.511724129578E+00
  0.511752272576E+00
  0.511780415574E+00
  0.511808558571E+00
  0.511836701569E+00
  0.511864844567E+00
  0.511892987565E+00
  0.511921130563E+00
  0.511949273561E+00
  0.511977416558E+00
  0.512005559556E+00
  0.512033702554E+00
  0.512061845552E+00
  0.512089988550E+00
  0.512118131548E+00
  0.512146274545E+00
  0.512174417543E+00
  0.512202560541E+00
  0.512230703539E+00
  0.512258846537E+00
  0.512286989535E+00
  0.512315132532E+00
  0.512343275530E+00
  0.512371418528E+00
  0.512399561526E+00
  0.512427704524E+00
  0.512455847522E+00
  0.512483990519E+00
  0.512512133517E+00
  0.512540276515E+00
  0.512568419513E+00
  0.512596562511E+00
  0.512624705509E+00
  0.512652848506E+00
  0.512680991504E+00
  0.512709134502E+00
  0.512737277500E+00
  0.512765420498E+00
  0.512793563496E+00
  0.512821706493E+00
  0.512849849491E+00
  0.512877992489E+00
  0.512906135487E+00
  0.512934278485E+00
  0.512962421483E+00
  0.512990564480E+00
  0.513018707478E+00
  0.513046850476E+00
  0.513074993474E+00
  0.513103136472E+00
  0.513131279469E+00
  0.513159422467E+00
  0.513187565465E+00
  0.513215708463E+00
  0.513243851461E+00
  0.513271994459E+00
  0.513300137456E+00
  0.513328280454E+00
  0.513356423452E+00
  0.513384566450E+00
  0.513412709448E+00
  0.513440852446E+00
  0.513468995443E+00
  0.513497138441E+00
  0.513525281439E+00
  0.513553424437E+00
  0.513581567435E+00
  0.513609710433E+00
  0.513637853430E+00
  0.513665996428E+00
  0.513694139426E+00
  0.513722282424E+00
  0.513750425422E+00
  0.513778568420E+00
  0.513806711417E+00
  0.513834854415E+00
  0.513862997413E+00
  0.513891140411E+00
  0.513919283409E+00
  0.513947426407E+00
  0.513975569404E+00
  0.514003712402E+00
  0.514031855400E+00
  0.514059998398E+00
  0.514088141396E+00
  0.514116284394E+00
  0.514144427391E+00
  0.514172570389E+00
  0.514200713387E+00
  0.514228856385E+00
  0.514256999383E+00
  0.514285142381E+00
  0.514313285378E+00
  0.514341428376E+00
  0.514369571374E+00
  0.514397714372E+00
  0.514425857370E+00
  0.514454000368E+00
  0.514482143365E+00
  0.514510286363E+00
  0.514538429361E+00
  0.514566572359E+00
  0.514594715357E+00
  0.514622858355E+00
  0.514651001352E+00
  0.514679144350E+00
  0.514707287348E+00
  0.514735430346E+00
  0.514763573344E+00
  0.514791716342E+00
  0.514819859339E+00
  0.514848002337E+00
  0.514876145335E+00
  0.514904288333E+00
  0.514932431331E+00
  0.514960574329E+00
  0.514988717326E+00
  0.515016860324E+00
  0.515045003322E+00
  0.515073146320E+00
  0.515101289318E+00
  0.515129432316E+00
  0.515157575313E+00
  0.515185718311E+00
  0.515213861309E+00
  0.515242004307E+00
  0.515270147305E+00
  0.515298290303E+00
  0.515326433300E+00
  0.515354576298E+00
  0.515382719296E+00
  0.515410862294E+00
  0.515439005292E+00
  0.515467148290E+00
  0.515495291287E+00
  0.515523434285E+00
  0.515551577283E+00
  0.515579720281E+00
  0.515607863279E+00
  0.515636006277E+00
  0.515664149274E+00
  0.515692292272E+00
  0.515720435270E+00
  0.515748578268E+00
  0.515776721266E+00
  0.515804864264E+00
  0.515833007261E+00
  0.515861150259E+00
  0.515889293257E+00
  0.515917436255E+00
  0.515945579253E+00
  0.515973722251E+00
  0.516001865248E+00
  0.516030008246E+00
  0.516058151244E+00
  0.516086294242E+00
  0.516114437240E+00
  0.516142580238E+00
  0.516170723235E+00
  0.516198866233E+00
  0.516227009231E+00
  0.516255152229E+00
  0.516283295227E+00
  0.516311438224E+00
  0.516339581222E+00
  0.516367724220E+00
  0.516395867218E+00
  0.516424010216E+00
  0.516452153214E+00
  0.516480296211E+00
  0.516508439209E+00
  0.516536582207E+00
  0.516564725205E+00
  0.516592868203E+00
  0.516621011201E+00
  0.516649154198E+00
  0.516677297196E+00
  0.516705440194E+00
  0.516733583192E+00
  0.516761726190E+00
  0.516789869188E+00
  0.516818012185E+00
  0.516846155183E+00
  0.516874298181E+00
  0.516902441179E+00
  0.516930584177E+00
  0.516958727175E+00
  0.516986870172E+00
  0.517015013170E+00
  0.517043156168E+00
  0.517071299166E+00
  0.517099442164E+00
  0.517127585162E+00
  0.517155728159E+00
  0.517183871157E+00
  0.517212014155E+00
  0.517240157153E+00
  0.517268300151E+00
  0.517296443149E+00
  0.517324586146E+00
  0.517352729144E+00
  0.517380872142E+00
  0.517409015140E+00
  0.517437158138E+00
  0.517465301136E+00
  0.517493444133E+00
  0.517521587131E+00
  0.517549730129E+00
  0.517577873127E+00
  0.517606016125E+00
  0.517634159123E+00
  0.517662302120E+00
  0.517690445118E+00
  0.517718588116E+00
  0.517746731114E+00
  0.517774874112E+00
  0.517803017110E+00
  0.517831160107E+00
  0.517859303105E+00
  0.517887446103E+00
  0.517915589101E+00
  0.517943732099E+00
  0.517971875097E+00
  0.518000018094E+00
  0.518028161092E+00
  0.518056304090E+00
  0.518084447088E+00
  0.518112590086E+00
  0.518140733084E+00
  0.518168876081E+00
  0.518197019079E+00
  0.518225162077E+00
  0.518253305075E+00
  0.518281448073E+00
  0.518309591071E+00
  0.518337734068E+00
  0.518365877066E+00
  0.518394020064E+00
  0.518422163062E+00
  0.518450306060E+00
  0.518478449058E+00
  0.518506592055E+00
  0.518534735053E+00
  0.518562878051E+00
  0.518591021049E+00
  0.518619164047E+00
  0.518647307045E+00
  0.518675450042E+00
  0.518703593040E+00
  0.518731736038E+00
  0.518759879036E+00
  0.518788022034E+00
  0.518816165032E+00
  0.518844308029E+00
  0.518872451027E+00
  0.518900594025E+00
  0.518928737023E+00
  0.518956880021E+00
  0.518985023019E+00
  0.519013166016E+00
  0.519041309014E+00
  0.519069452012E+00
  0.519097595010E+00
  0.519125738008E+00
  0.519153881006E+00
  0.519182024003E+00
  0.519210167001E+00
  0.519238309999E+00
  0.519266452997E+00
  0.519294595995E+00
  0.519322738993E+00
  0.519350881990E+00
  0.519379024988E+00
  0.519407167986E+00
  0.519435310984E+00
  0.519463453982E+00
  0.519491596979E+00
  0.519519739977E+00
  0.519547882975E+00
  0.519576025973E+00
  0.519604168971E+00
  0.519632311969E+00
  0.519660454967E+00
  0.519688597964E+00
  0.519716740962E+00
  0.519744883960E+00
  0.519773026958E+00
  0.519801169956E+00
  0.519829312953E+00
  0.519857455951E+00
  0.519885598949E+00
  0.519913741947E+00
  0.519941884945E+00
  0.519970027943E+00
  0.519998170940E+00
