   7.1689630074407873E-002
   7.1717773072237867E-002
   7.1745916070077909E-002
   7.1774059067907903E-002
   7.1802202065737897E-002
   7.1830345063567891E-002
   7.1858488061397885E-002
   7.1886631059237871E-002
   7.1914774057067865E-002
   7.1942917054897915E-002
   7.1971060052727909E-002
   7.1999203050557903E-002
   7.2027346048397889E-002
   7.2055489046227883E-002
   7.2083632044057877E-002
   7.2111775041887871E-002
   7.2139918039717865E-002
   7.2168061037547915E-002
   7.2196204035387901E-002
   7.2224347033217895E-002
   7.2252490031047889E-002
   7.2280633028877883E-002
   7.2308776026707877E-002
   7.2336919024547863E-002
   7.2365062022377913E-002
   7.2393205020207907E-002
   7.2421348018037901E-002
   7.2449491015867895E-002
   7.2477634013707881E-002
   7.2505777011537875E-002
   7.2533920009367869E-002
   7.2562063007197863E-002
   7.2590206005027913E-002
   7.2618349002867899E-002
   7.2646492000697893E-002
   7.2674634998527887E-002
   7.2702777996357881E-002
   7.2730920994187875E-002
   7.2759063992017869E-002
   7.2787206989857911E-002
   7.2815349987687905E-002
   7.2843492985517899E-002
   7.2871635983347893E-002
   7.2899778981177887E-002
   7.2927921979017873E-002
   7.2956064976847868E-002
   7.2984207974677917E-002
   7.3012350972507911E-002
   7.3040493970337905E-002
   7.3068636968177891E-002
   7.3096779966007885E-002
   7.3124922963837879E-002
   7.3153065961667874E-002
   7.3181208959497868E-002
   7.3209351957337909E-002
   7.3237494955167903E-002
   7.3265637952997897E-002
   7.3293780950827891E-002
   7.3321923948657886E-002
   7.3350066946497872E-002
   7.3378209944327866E-002
   7.3406352942157915E-002
   7.3434495939987909E-002
   7.3462638937817903E-002
   7.3490781935647898E-002
   7.3518924933487884E-002
   7.3547067931317878E-002
   7.3575210929147872E-002
   7.3603353926977866E-002
   7.3631496924807915E-002
   7.3659639922647901E-002
   7.3687782920477896E-002
   7.3715925918307890E-002
   7.3744068916137884E-002
   7.3772211913967878E-002
   7.3800354911807864E-002
   7.3828497909637913E-002
   7.3856640907467908E-002
   7.3884783905297902E-002
   7.3912926903127896E-002
   7.3941069900967882E-002
   7.3969212898797876E-002
   7.3997355896627870E-002
   7.4025498894457864E-002
   7.4053641892287914E-002
   7.4081784890127900E-002
   7.4109927887957894E-002
   7.4138070885787888E-002
   7.4166213883617882E-002
   7.4194356881447876E-002
   7.4222499879277870E-002
   7.4250642877117912E-002
   7.4278785874947906E-002
   7.4306928872777900E-002
   7.4335071870607894E-002
   7.4363214868437888E-002
   7.4391357866277874E-002
   7.4419500864107868E-002
   7.4447643861937918E-002
   7.4475786859767912E-002
   7.4503929857597906E-002
   7.4532072855437892E-002
   7.4560215853267886E-002
   7.4588358851097880E-002
   7.4616501848927874E-002
   7.4644644846757868E-002
   7.4672787844597910E-002
   7.4700930842427904E-002
   7.4729073840257898E-002
   7.4757216838087892E-002
   7.4785359835917886E-002
   7.4813502833757872E-002
   7.4841645831587866E-002
   7.4869788829417916E-002
   7.4897931827247910E-002
   7.4926074825077904E-002
   7.4954217822907898E-002
   7.4982360820747884E-002
   7.5010503818577878E-002
   7.5038646816407872E-002
   7.5066789814237866E-002
   7.5094932812067916E-002
   7.5123075809907902E-002
   7.5151218807737896E-002
   7.5179361805567890E-002
   7.5207504803397884E-002
   7.5235647801227878E-002
   7.5263790799067865E-002
   7.5291933796897914E-002
   7.5320076794727908E-002
   7.5348219792557902E-002
   7.5376362790387896E-002
   7.5404505788227882E-002
   7.5432648786057876E-002
   7.5460791783887871E-002
   7.5488934781717865E-002
   7.5517077779547914E-002
   7.5545220777387900E-002
   7.5573363775217894E-002
   7.5601506773047888E-002
   7.5629649770877883E-002
   7.5657792768707877E-002
   7.5685935766537871E-002
   7.5714078764377912E-002
   7.5742221762207906E-002
   7.5770364760037900E-002
   7.5798507757867895E-002
   7.5826650755697889E-002
   7.5854793753537875E-002
   7.5882936751367869E-002
   7.5911079749197918E-002
   7.5939222747027912E-002
   7.5967365744857906E-002
   7.5995508742697893E-002
   7.6023651740527887E-002
   7.6051794738357881E-002
   7.6079937736187875E-002
   7.6108080734017869E-002
   7.6136223731857910E-002
   7.6164366729687905E-002
   7.6192509727517899E-002
   7.6220652725347893E-002
   7.6248795723177887E-002
   7.6276938721007881E-002
   7.6305081718847867E-002
   7.6333224716677917E-002
   7.6361367714507911E-002
   7.6389510712337905E-002
   7.6417653710167899E-002
   7.6445796708007885E-002
   7.6473939705837879E-002
   7.6502082703667873E-002
   7.6530225701497867E-002
   7.6558368699327917E-002
   7.6586511697167903E-002
   7.6614654694997897E-002
   7.6642797692827891E-002
   7.6670940690657885E-002
   7.6699083688487879E-002
   7.6727226686327865E-002
   7.6755369684157915E-002
   7.6783512681987909E-002
   7.6811655679817903E-002
   7.6839798677647897E-002
   7.6867941675487883E-002
   7.6896084673317877E-002
   7.6924227671147871E-002
   7.6952370668977865E-002
   7.6980513666807915E-002
   7.7008656664637909E-002
   7.7036799662477895E-002
   7.7064942660307889E-002
   7.7093085658137883E-002
   7.7121228655967877E-002
   7.7149371653797871E-002
   7.7177514651637913E-002
   7.7205657649467907E-002
   7.7233800647297901E-002
   7.7261943645127895E-002
   7.7290086642957889E-002
   7.7318229640797875E-002
   7.7346372638627869E-002
   7.7374515636457863E-002
   7.7402658634287913E-002
   7.7430801632117907E-002
   7.7458944629957893E-002
   7.7487087627787887E-002
   7.7515230625617881E-002
   7.7543373623447875E-002
   7.7571516621277870E-002
   7.7599659619117911E-002
   7.7627802616947905E-002
   7.7655945614777899E-002
   7.7684088612607893E-002
   7.7712231610437887E-002
   7.7740374608267881E-002
   7.7768517606107868E-002
   7.7796660603937917E-002
   7.7824803601767911E-002
   7.7852946599597905E-002
   7.7881089597427899E-002
   7.7909232595267885E-002
   7.7937375593097880E-002
   7.7965518590927874E-002
   7.7993661588757868E-002
   7.8021804586587917E-002
   7.8049947584427903E-002
   7.8078090582257897E-002
   7.8106233580087892E-002
   7.8134376577917886E-002
   7.8162519575747880E-002
   7.8190662573587866E-002
   7.8218805571417915E-002
   7.8246948569247909E-002
   7.8275091567077903E-002
   7.8303234564907898E-002
   7.8331377562747884E-002
   7.8359520560577878E-002
   7.8387663558407872E-002
   7.8415806556237866E-002
   7.8443949554067915E-002
   7.8472092551897910E-002
   7.8500235549737896E-002
   7.8528378547567890E-002
   7.8556521545397884E-002
   7.8584664543227878E-002
   7.8612807541057872E-002
   7.8640950538897914E-002
   7.8669093536727908E-002
   7.8697236534557902E-002
   7.8725379532387896E-002
   7.8753522530217890E-002
   7.8781665528057876E-002
   7.8809808525887870E-002
   7.8837951523717864E-002
   7.8866094521547914E-002
   7.8894237519377908E-002
   7.8922380517217894E-002
   7.8950523515047888E-002
   7.8978666512877882E-002
   7.9006809510707876E-002
   7.9034952508537870E-002
   7.9063095506367864E-002
   7.9091238504207906E-002
   7.9119381502037900E-002
   7.9147524499867894E-002
   7.9175667497697888E-002
   7.9203810495527882E-002
   7.9231953493367868E-002
   7.9260096491197918E-002
   7.9288239489027912E-002
   7.9316382486857906E-002
   7.9344525484687900E-002
   7.9372668482527886E-002
   7.9400811480357880E-002
   7.9428954478187874E-002
   7.9457097476017868E-002
   7.9485240473847918E-002
   7.9513383471687904E-002
   7.9541526469517898E-002
   7.9569669467347892E-002
   7.9597812465177886E-002
   7.9625955463007880E-002
   7.9654098460847866E-002
   7.9682241458677916E-002
   7.9710384456507910E-002
   7.9738527454337904E-002
   7.9766670452167898E-002
   7.9794813449997892E-002
   7.9822956447837878E-002
   7.9851099445667872E-002
   7.9879242443497867E-002
   7.9907385441327916E-002
   7.9935528439157910E-002
   7.9963671436997896E-002
   7.9991814434827890E-002
   8.0019957432657884E-002
   8.0048100430487878E-002
   8.0076243428317873E-002
   8.0104386426157914E-002
   8.0132529423987908E-002
   8.0160672421817902E-002
   8.0188815419647896E-002
   8.0216958417477890E-002
   8.0245101415317877E-002
   8.0273244413147871E-002
   8.0301387410977865E-002
   8.0329530408807914E-002
   8.0357673406637908E-002
   8.0385816404477894E-002
   8.0413959402307889E-002
   8.0442102400137883E-002
   8.0470245397967877E-002
   8.0498388395797871E-002
   8.0526531393627865E-002
   8.0554674391467906E-002
   8.0582817389297901E-002
   8.0610960387127895E-002
   8.0639103384957889E-002
   8.0667246382787883E-002
   8.0695389380627869E-002
   8.0723532378457863E-002
   8.0751675376287912E-002
   8.0779818374117907E-002
   8.0807961371947901E-002
   8.0836104369787887E-002
   8.0864247367617881E-002
   8.0892390365447875E-002
   8.0920533363277869E-002
   8.0948676361107863E-002
   8.0976819358947905E-002
   8.1004962356777899E-002
   8.1033105354607893E-002
   8.1061248352437887E-002
   8.1089391350267881E-002
   8.1117534348107867E-002
   8.1145677345937917E-002
   8.1173820343767911E-002
   8.1201963341597905E-002
   8.1230106339427899E-002
   8.1258249337257893E-002
   8.1286392335097879E-002
   8.1314535332927873E-002
   8.1342678330757867E-002
   8.1370821328587917E-002
   8.1398964326417911E-002
   8.1427107324257897E-002
   8.1455250322087891E-002
   8.1483393319917885E-002
   8.1511536317747879E-002
   8.1539679315577873E-002
   8.1567822313417915E-002
   8.1595965311247909E-002
   8.1624108309077903E-002
   8.1652251306907897E-002
   8.1680394304737891E-002
   8.1708537302577877E-002
   8.1736680300407871E-002
   8.1764823298237865E-002
   8.1792966296067915E-002
   8.1821109293897909E-002
   8.1849252291737895E-002
   8.1877395289567889E-002
   8.1905538287397883E-002
   8.1933681285227877E-002
   8.1961824283057871E-002
   8.1989967280887865E-002
   8.2018110278727907E-002
   8.2046253276557901E-002
   8.2074396274387895E-002
   8.2102539272217889E-002
   8.2130682270047883E-002
   8.2158825267887869E-002
   8.2186968265717864E-002
   8.2215111263547913E-002
   8.2243254261377907E-002
   8.2271397259207901E-002
   8.2299540257047887E-002
   8.2327683254877881E-002
   8.2355826252707875E-002
   8.2383969250537870E-002
   8.2412112248367864E-002
   8.2440255246207905E-002
   8.2468398244037899E-002
   8.2496541241867893E-002
   8.2524684239697887E-002
   8.2552827237527882E-002
   8.2580970235357876E-002
   8.2609113233197917E-002
   8.2637256231027911E-002
   8.2665399228857905E-002
   8.2693542226687899E-002
   8.2721685224517894E-002
   8.2749828222357880E-002
   8.2777971220187874E-002
   8.2806114218017868E-002
   8.2834257215847917E-002
   8.2862400213677911E-002
   8.2890543211517898E-002
   8.2918686209347892E-002
   8.2946829207177886E-002
   8.2974972205007880E-002
   8.3003115202837874E-002
   8.3031258200677915E-002
   8.3059401198507909E-002
   8.3087544196337904E-002
   8.3115687194167898E-002
   8.3143830191997892E-002
   8.3171973189837878E-002
   8.3200116187667872E-002
   8.3228259185497866E-002
   8.3256402183327916E-002
   8.3284545181157910E-002
   8.3312688178987904E-002
   8.3340831176827890E-002
   8.3368974174657884E-002
   8.3397117172487878E-002
   8.3425260170317872E-002
   8.3453403168147866E-002
   8.3481546165987908E-002
   8.3509689163817902E-002
   8.3537832161647896E-002
   8.3565975159477890E-002
   8.3594118157307884E-002
   8.3622261155147870E-002
   8.3650404152977864E-002
   8.3678547150807914E-002
   8.3706690148637908E-002
   8.3734833146467902E-002
   8.3762976144307888E-002
   8.3791119142137882E-002
   8.3819262139967876E-002
   8.3847405137797870E-002
   8.3875548135627864E-002
   8.3903691133467906E-002
   8.3931834131297900E-002
   8.3959977129127894E-002
   8.3988120126957888E-002
   8.4016263124787882E-002
   8.4044406122617876E-002
   8.4072549120457918E-002
   8.4100692118287912E-002
   8.4128835116117906E-002
   8.4156978113947900E-002
   8.4185121111777894E-002
   8.4213264109617880E-002
   8.4241407107447874E-002
   8.4269550105277868E-002
   8.4297693103107918E-002
   8.4325836100937912E-002
   8.4353979098777898E-002
   8.4382122096607892E-002
   8.4410265094437886E-002
   8.4438408092267880E-002
   8.4466551090097874E-002
   8.4494694087937916E-002
   8.4522837085767910E-002
   8.4550980083597904E-002
   8.4579123081427898E-002
   8.4607266079257892E-002
   8.4635409077097878E-002
   8.4663552074927872E-002
   8.4691695072757867E-002
   8.4719838070587916E-002
   8.4747981068417910E-002
   8.4776124066247904E-002
   8.4804267064087890E-002
   8.4832410061917884E-002
   8.4860553059747879E-002
   8.4888696057577873E-002
   8.4916839055407867E-002
   8.4944982053247908E-002
   8.4973125051077902E-002
   8.5001268048907896E-002
   8.5029411046737891E-002
   8.5057554044567885E-002
   8.5085697042407871E-002
   8.5113840040237865E-002
   8.5141983038067914E-002
   8.5170126035897908E-002
   8.5198269033727902E-002
   8.5226412031567889E-002
   8.5254555029397883E-002
   8.5282698027227877E-002
   8.5310841025057871E-002
   8.5338984022887865E-002
   8.5367127020727906E-002
   8.5395270018557901E-002
   8.5423413016387895E-002
   8.5451556014217889E-002
   8.5479699012047883E-002
   8.5507842009877877E-002
   8.5535985007717863E-002
   8.5564128005547913E-002
   8.5592271003377907E-002
   8.5620414001207901E-002
   8.5648556999037895E-002
   8.5676699996877881E-002
   8.5704842994707875E-002
   8.5732985992537869E-002
   8.5761128990367863E-002
   8.5789271988197913E-002
   8.5817414986037899E-002
   8.5845557983867893E-002
   8.5873700981697887E-002
   8.5901843979527881E-002
   8.5929986977357875E-002
   8.5958129975197917E-002
   8.5986272973027911E-002
   8.6014415970857905E-002
   8.6042558968687899E-002
   8.6070701966517893E-002
   8.6098844964347887E-002
   8.6126987962187873E-002
   8.6155130960017867E-002
   8.6183273957847917E-002
   8.6211416955677911E-002
   8.6239559953507905E-002
   8.6267702951347891E-002
   8.6295845949177885E-002
   8.6323988947007879E-002
   8.6352131944837873E-002
   8.6380274942667867E-002
   8.6408417940507909E-002
   8.6436560938337903E-002
   8.6464703936167897E-002
   8.6492846933997891E-002
   8.6520989931827885E-002
   8.6549132929667871E-002
   8.6577275927497865E-002
   8.6605418925327915E-002
   8.6633561923157909E-002
   8.6661704920987903E-002
   8.6689847918827889E-002
   8.6717990916657883E-002
   8.6746133914487877E-002
   8.6774276912317871E-002
   8.6802419910147866E-002
   8.6830562907977915E-002
   8.6858705905817901E-002
   8.6886848903647895E-002
   8.6914991901477889E-002
   8.6943134899307883E-002
   8.6971277897137877E-002
   8.6999420894977864E-002
   8.7027563892807913E-002
   8.7055706890637907E-002
   8.7083849888467901E-002
   8.7111992886297895E-002
   8.7140135884137881E-002
   8.7168278881967876E-002
   8.7196421879797870E-002
   8.7224564877627864E-002
   8.7252707875457913E-002
   8.7280850873297899E-002
   8.7308993871127893E-002
   8.7337136868957888E-002
   8.7365279866787882E-002
   8.7393422864617876E-002
   8.7421565862457917E-002
   8.7449708860287911E-002
   8.7477851858117905E-002
   8.7505994855947900E-002
   8.7534137853777894E-002
   8.7562280851607888E-002
   8.7590423849447874E-002
   8.7618566847277868E-002
   8.7646709845107917E-002
   8.7674852842937911E-002
   8.7702995840767906E-002
   8.7731138838607892E-002
   8.7759281836437886E-002
   8.7787424834267880E-002
   8.7815567832097874E-002
   8.7843710829927868E-002
   8.7871853827767910E-002
   8.7899996825597904E-002
   8.7928139823427898E-002
   8.7956282821257892E-002
   8.7984425819087886E-002
   8.8012568816927872E-002
   8.8040711814757866E-002
   8.8068854812587916E-002
   8.8096997810417910E-002
   8.8125140808247904E-002
   8.8153283806087890E-002
   8.8181426803917884E-002
   8.8209569801747878E-002
   8.8237712799577872E-002
   8.8265855797407866E-002
   8.8293998795237916E-002
   8.8322141793077902E-002
   8.8350284790907896E-002
   8.8378427788737890E-002
   8.8406570786567884E-002
   8.8434713784397878E-002
   8.8462856782237864E-002
   8.8490999780067914E-002
   8.8519142777897908E-002
   8.8547285775727902E-002
   8.8575428773557896E-002
   8.8603571771397882E-002
   8.8631714769227876E-002
   8.8659857767057870E-002
   8.8688000764887864E-002
   8.8716143762717914E-002
   8.8744286760557900E-002
   8.8772429758387894E-002
   8.8800572756217888E-002
   8.8828715754047882E-002
   8.8856858751877876E-002
   8.8885001749717918E-002
   8.8913144747547912E-002
   8.8941287745377906E-002
   8.8969430743207900E-002
   8.8997573741037894E-002
   8.9025716738867888E-002
   8.9053859736707874E-002
   8.9082002734537868E-002
   8.9110145732367918E-002
   8.9138288730197912E-002
   8.9166431728027906E-002
   8.9194574725867892E-002
   8.9222717723697886E-002
   8.9250860721527880E-002
   8.9279003719357874E-002
   8.9307146717187869E-002
   8.9335289715027910E-002
   8.9363432712857904E-002
   8.9391575710687898E-002
   8.9419718708517892E-002
   8.9447861706347886E-002
   8.9476004704187873E-002
   8.9504147702017867E-002
   8.9532290699847916E-002
   8.9560433697677910E-002
   8.9588576695507904E-002
   8.9616719693337898E-002
   8.9644862691177885E-002
   8.9673005689007879E-002
   8.9701148686837873E-002
   8.9729291684667867E-002
   8.9757434682497916E-002
   8.9785577680337902E-002
   8.9813720678167897E-002
   8.9841863675997891E-002
   8.9870006673827885E-002
   8.9898149671657879E-002
   8.9926292669497865E-002
   8.9954435667327914E-002
   8.9982578665157908E-002
   9.0010721662987903E-002
   9.0038864660817897E-002
   9.0067007658657883E-002
   9.0095150656487877E-002
   9.0123293654317871E-002
   9.0151436652147865E-002
   9.0179579649977915E-002
   9.0207722647817901E-002
   9.0235865645647895E-002
   9.0264008643477889E-002
   9.0292151641307883E-002
   9.0320294639137877E-002
   9.0348437636967871E-002
   9.0376580634807913E-002
   9.0404723632637907E-002
   9.0432866630467901E-002
   9.0461009628297895E-002
   9.0489152626127889E-002
   9.0517295623967875E-002
   9.0545438621797869E-002
   9.0573581619627863E-002
   9.0601724617457913E-002
   9.0629867615287907E-002
   9.0658010613127893E-002
   9.0686153610957887E-002
   9.0714296608787881E-002
   9.0742439606617875E-002
   9.0770582604447869E-002
   9.0798725602287911E-002
   9.0826868600117905E-002
   9.0855011597947899E-002
   9.0883154595777893E-002
   9.0911297593607887E-002
   9.0939440591447873E-002
   9.0967583589277867E-002
   9.0995726587107917E-002
   9.1023869584937911E-002
   9.1052012582767905E-002
   9.1080155580597899E-002
   9.1108298578437885E-002
   9.1136441576267879E-002
   9.1164584574097873E-002
   9.1192727571927867E-002
   9.1220870569757917E-002
   9.1249013567597903E-002
   9.1277156565427897E-002
   9.1305299563257891E-002
   9.1333442561087885E-002
   9.1361585558917879E-002
   9.1389728556757865E-002
   9.1417871554587915E-002
   9.1446014552417909E-002
   9.1474157550247903E-002
   9.1502300548077897E-002
   9.1530443545917883E-002
   9.1558586543747877E-002
   9.1586729541577871E-002
   9.1614872539407866E-002
   9.1643015537237915E-002
   9.1671158535077901E-002
   9.1699301532907895E-002
   9.1727444530737889E-002
   9.1755587528567883E-002
   9.1783730526397878E-002
   9.1811873524227872E-002
   9.1840016522067913E-002
   9.1868159519897907E-002
   9.1896302517727901E-002
   9.1924445515557895E-002
   9.1952588513387890E-002
   9.1980731511227876E-002
   9.2008874509057870E-002
   9.2037017506887864E-002
   9.2065160504717913E-002
   9.2093303502547907E-002
   9.2121446500387894E-002
   9.2149589498217888E-002
   9.2177732496047882E-002
   9.2205875493877876E-002
   9.2234018491707870E-002
   9.2262161489547911E-002
   9.2290304487377905E-002
   9.2318447485207900E-002
   9.2346590483037894E-002
   9.2374733480867888E-002
   9.2402876478697882E-002
   9.2431019476537868E-002
   9.2459162474367917E-002
   9.2487305472197912E-002
   9.2515448470027906E-002
   9.2543591467857900E-002
   9.2571734465697886E-002
   9.2599877463527880E-002
   9.2628020461357874E-002
   9.2656163459187868E-002
   9.2684306457017918E-002
   9.2712449454857904E-002
   9.2740592452687898E-002
   9.2768735450517892E-002
   9.2796878448347886E-002
   9.2825021446177880E-002
   9.2853164444017866E-002
   9.2881307441847916E-002
   9.2909450439677910E-002
   9.2937593437507904E-002
   9.2965736435337898E-002
   9.2993879433177884E-002
   9.3022022431007878E-002
   9.3050165428837872E-002
   9.3078308426667866E-002
   9.3106451424497916E-002
   9.3134594422327910E-002
   9.3162737420167896E-002
   9.3190880417997890E-002
   9.3219023415827884E-002
   9.3247166413657878E-002
   9.3275309411487872E-002
   9.3303452409327914E-002
   9.3331595407157908E-002
   9.3359738404987902E-002
   9.3387881402817896E-002
   9.3416024400647890E-002
   9.3444167398487876E-002
   9.3472310396317870E-002
   9.3500453394147864E-002
   9.3528596391977914E-002
   9.3556739389807908E-002
   9.3584882387647894E-002
   9.3613025385477888E-002
   9.3641168383307882E-002
   9.3669311381137876E-002
   9.3697454378967870E-002
   9.3725597376807912E-002
   9.3753740374637906E-002
   9.3781883372467900E-002
   9.3810026370297894E-002
   9.3838169368127888E-002
   9.3866312365957882E-002
   9.3894455363797868E-002
   9.3922598361627918E-002
   9.3950741359457912E-002
   9.3978884357287906E-002
   9.4007027355117900E-002
   9.4035170352957886E-002
   9.4063313350787880E-002
   9.4091456348617875E-002
   9.4119599346447869E-002
   9.4147742344277918E-002
   9.4175885342117904E-002
   9.4204028339947898E-002
   9.4232171337777892E-002
   9.4260314335607887E-002
   9.4288457333437881E-002
   9.4316600331277867E-002
   9.4344743329107916E-002
   9.4372886326937910E-002
   9.4401029324767904E-002
   9.4429172322597899E-002
   9.4457315320437885E-002
   9.4485458318267879E-002
   9.4513601316097873E-002
   9.4541744313927867E-002
   9.4569887311757916E-002
   9.4598030309587910E-002
   9.4626173307427897E-002
   9.4654316305257891E-002
   9.4682459303087885E-002
   9.4710602300917879E-002
   9.4738745298747873E-002
   9.4766888296587914E-002
   9.4795031294417909E-002
   9.4823174292247903E-002
   9.4851317290077897E-002
   9.4879460287907891E-002
   9.4907603285747877E-002
   9.4935746283577871E-002
   9.4963889281407865E-002
   9.4992032279237915E-002
   9.5020175277067909E-002
   9.5048318274907895E-002
   9.5076461272737889E-002
   9.5104604270567883E-002
   9.5132747268397877E-002
   9.5160890266227871E-002
   9.5189033264067913E-002
   9.5217176261897907E-002
   9.5245319259727901E-002
   9.5273462257557895E-002
   9.5301605255387889E-002
   9.5329748253217883E-002
   9.5357891251057869E-002
   9.5386034248887863E-002
   9.5414177246717913E-002
   9.5442320244547907E-002
   9.5470463242377901E-002
   9.5498606240217887E-002
   9.5526749238047881E-002
   9.5554892235877875E-002
   9.5583035233707869E-002
   9.5611178231537863E-002
   9.5639321229377905E-002
   9.5667464227207899E-002
   9.5695607225037893E-002
   9.5723750222867887E-002
   9.5751893220697881E-002
   9.5780036218537867E-002
   9.5808179216367917E-002
   9.5836322214197911E-002
   9.5864465212027905E-002
   9.5892608209857899E-002
   9.5920751207687893E-002
   9.5948894205527879E-002
   9.5977037203357873E-002
   9.6005180201187867E-002
   9.6033323199017917E-002
   9.6061466196847911E-002
   9.6089609194687897E-002
   9.6117752192517891E-002
   9.6145895190347885E-002
   9.6174038188177879E-002
   9.6202181186007873E-002
   9.6230324183847915E-002
   9.6258467181677909E-002
   9.6286610179507903E-002
   9.6314753177337897E-002
   9.6342896175167891E-002
   9.6371039173007877E-002
   9.6399182170837872E-002
   9.6427325168667866E-002
   9.6455468166497915E-002
   9.6483611164327909E-002
   9.6511754162167895E-002
   9.6539897159997889E-002
   9.6568040157827884E-002
   9.6596183155657878E-002
   9.6624326153487872E-002
   9.6652469151317866E-002
   9.6680612149157907E-002
   9.6708755146987901E-002
   9.6736898144817896E-002
   9.6765041142647890E-002
   9.6793184140477884E-002
   9.6821327138317870E-002
   9.6849470136147864E-002
   9.6877613133977913E-002
   9.6905756131807907E-002
   9.6933899129637902E-002
   9.6962042127477888E-002
   9.6990185125307882E-002
   9.7018328123137876E-002
   9.7046471120967870E-002
   9.7074614118797864E-002
   9.7102757116637906E-002
   9.7130900114467900E-002
   9.7159043112297894E-002
   9.7187186110127888E-002
   9.7215329107957882E-002
   9.7243472105797868E-002
   9.7271615103627918E-002
   9.7299758101457912E-002
   9.7327901099287906E-002
   9.7356044097117900E-002
   9.7384187094947894E-002
   9.7412330092787880E-002
   9.7440473090617874E-002
   9.7468616088447868E-002
   9.7496759086277918E-002
   9.7524902084107912E-002
   9.7553045081947898E-002
   9.7581188079777892E-002
   9.7609331077607886E-002
   9.7637474075437880E-002
   9.7665617073267874E-002
   9.7693760071107916E-002
   9.7721903068937910E-002
   9.7750046066767904E-002
   9.7778189064597898E-002
   9.7806332062427892E-002
   9.7834475060267878E-002
   9.7862618058097872E-002
   9.7890761055927866E-002
   9.7918904053757916E-002
   9.7947047051587910E-002
   9.7975190049427896E-002
   9.8003333047257890E-002
   9.8031476045087884E-002
   9.8059619042917878E-002
   9.8087762040747872E-002
   9.8115905038577866E-002
   9.8144048036417908E-002
   9.8172191034247902E-002
   9.8200334032077896E-002
   9.8228477029907890E-002
   9.8256620027737884E-002
   9.8284763025577870E-002
   9.8312906023407864E-002
   9.8341049021237914E-002
   9.8369192019067908E-002
   9.8397335016897902E-002
   9.8425478014737888E-002
   9.8453621012567882E-002
   9.8481764010397876E-002
   9.8509907008227870E-002
   9.8538050006057865E-002
   9.8566193003897906E-002
   9.8594336001727900E-002
   9.8622478999557894E-002
   9.8650621997387888E-002
   9.8678764995217882E-002
   9.8706907993057869E-002
   9.8735050990887918E-002
   9.8763193988717912E-002
   9.8791336986547906E-002
   9.8819479984377900E-002
   9.8847622982207894E-002
   9.8875765980047881E-002
   9.8903908977877875E-002
   9.8932051975707869E-002
   9.8960194973537918E-002
   9.8988337971367912E-002
   9.9016480969207898E-002
   9.9044623967037893E-002
   9.9072766964867887E-002
   9.9100909962697881E-002
   9.9129052960527875E-002
   9.9157195958367916E-002
   9.9185338956197910E-002
   9.9213481954027904E-002
   9.9241624951857899E-002
   9.9269767949687893E-002
   9.9297910947527879E-002
   9.9326053945357873E-002
   9.9354196943187867E-002
   9.9382339941017916E-002
   9.9410482938847911E-002
   9.9438625936677905E-002
   9.9466768934517891E-002
   9.9494911932347885E-002
   9.9523054930177879E-002
   9.9551197928007873E-002
   9.9579340925837867E-002
   9.9607483923677909E-002
   9.9635626921507903E-002
   9.9663769919337897E-002
   9.9691912917167891E-002
   9.9720055914997885E-002
   9.9748198912837871E-002
   9.9776341910667865E-002
   9.9804484908497915E-002
   9.9832627906327909E-002
   9.9860770904157903E-002
   9.9888913901997889E-002
   9.9917056899827883E-002
   9.9945199897657877E-002
   9.9973342895487871E-002
  0.10000148589331787     
  0.10002962889115791     
  0.10005777188898790     
  0.10008591488681789     
  0.10011405788464789     
  0.10014220088247788     
  0.10017034388030788     
  0.10019848687814786     
  0.10022662987597791     
  0.10025477287380791     
  0.10028291587163790     
  0.10031105886946790     
  0.10033920186730788     
  0.10036734486513788     
  0.10039548786296787     
  0.10042363086079786     
  0.10045177385862791     
  0.10047991685646790     
  0.10050805985429789     
  0.10053620285212789     
  0.10056434584995788     
  0.10059248884778788     
  0.10062063184562792     
  0.10064877484345791     
  0.10067691784128791     
  0.10070506083911790     
  0.10073320383694789     
  0.10076134683478788     
  0.10078948983261787     
  0.10081763283044787     
  0.10084577582827792     
  0.10087391882610791     
  0.10090206182393791     
  0.10093020482177789     
  0.10095834781960789     
  0.10098649081743788     
  0.10101463381526787     
  0.10104277681309787     
  0.10107091981093791     
  0.10109906280876790     
  0.10112720580659790     
  0.10115534880442789     
  0.10118349180225789     
  0.10121163480009787     
  0.10123977779792787     
  0.10126792079575792     
  0.10129606379358791     
  0.10132420679141790     
  0.10135234978925789     
  0.10138049278708788     
  0.10140863578491788     
  0.10143677878274787     
  0.10146492178057787     
  0.10149306477841791     
  0.10152120777624790     
  0.10154935077407790     
  0.10157749377190789     
  0.10160563676973788     
  0.10163377976756788     
  0.10166192276540786     
  0.10169006576323791     
  0.10171820876106791     
  0.10174635175889790     
  0.10177449475672790     
  0.10180263775456788     
  0.10183078075239788     
  0.10185892375022787     
  0.10188706674805786     
  0.10191520974588791     
  0.10194335274372790     
  0.10197149574155789     
  0.10199963873938789     
  0.10202778173721788     
  0.10205592473504788     
  0.10208406773288792     
  0.10211221073071791     
  0.10214035372854791     
  0.10216849672637790     
  0.10219663972420789     
  0.10222478272203789     
  0.10225292571987787     
  0.10228106871770787     
  0.10230921171553792     
  0.10233735471336791     
  0.10236549771119791     
  0.10239364070903789     
  0.10242178370686789     
  0.10244992670469788     
  0.10247806970252787     
  0.10250621270035787     
  0.10253435569819791     
  0.10256249869602790     
  0.10259064169385790     
  0.10261878469168789     
  0.10264692768951789     
  0.10267507068735787     
  0.10270321368518787     
  0.10273135668301792     
  0.10275949968084791     
  0.10278764267867790     
  0.10281578567651789     
  0.10284392867434788     
  0.10287207167217788     
  0.10290021467000787     
  0.10292835766783787     
  0.10295650066566792     
  0.10298464366350790     
  0.10301278666133790     
  0.10304092965916789     
  0.10306907265699788     
  0.10309721565482788     
  0.10312535865266786     
  0.10315350165049791     
  0.10318164464832791     
  0.10320978764615790     
  0.10323793064398790     
  0.10326607364182788     
  0.10329421663965788     
  0.10332235963748787     
  0.10335050263531786     
  0.10337864563314791     
  0.10340678863098790     
  0.10343493162881789     
  0.10346307462664789     
  0.10349121762447788     
  0.10351936062230788     
  0.10354750362014792     
  0.10357564661797791     
  0.10360378961580791     
  0.10363193261363790     
  0.10366007561146789     
  0.10368821860929789     
  0.10371636160713787     
  0.10374450460496787     
  0.10377264760279792     
  0.10380079060062791     
  0.10382893359845791     
  0.10385707659629789     
  0.10388521959412789     
  0.10391336259195788     
  0.10394150558978787     
  0.10396964858761787     
  0.10399779158545791     
  0.10402593458328790     
  0.10405407758111790     
  0.10408222057894789     
  0.10411036357677789     
  0.10413850657461787     
  0.10416664957244787     
  0.10419479257027792     
  0.10422293556810791     
  0.10425107856593790     
  0.10427922156377789     
  0.10430736456160788     
  0.10433550755943788     
  0.10436365055726787     
  0.10439179355509787     
  0.10441993655292792     
  0.10444807955076790     
  0.10447622254859790     
  0.10450436554642789     
  0.10453250854425788     
  0.10456065154208788     
  0.10458879453992787     
  0.10461693753775791     
  0.10464508053558791     
  0.10467322353341790     
  0.10470136653124790     
  0.10472950952908788     
  0.10475765252691788     
  0.10478579552474787     
  0.10481393852257787     
  0.10484208152040791     
  0.10487022451824790     
  0.10489836751607790     
  0.10492651051390789     
  0.10495465351173788     
  0.10498279650956788     
  0.10501093950740792     
  0.10503908250523786     
  0.10506722550306791     
  0.10509536850089785     
  0.10512351149872790     
  0.10515165449655794     
  0.10517979749439788     
  0.10520794049222792     
  0.10523608349005786     
  0.10526422648788791     
  0.10529236948571785     
  0.10532051248355789     
  0.10534865548138794     
  0.10537679847921788     
  0.10540494147704793     
  0.10543308447487787     
  0.10546122747271791     
  0.10548937047054785     
  0.10551751346837790     
  0.10554565646620784     
  0.10557379946403789     
  0.10560194246187793     
  0.10563008545970787     
  0.10565822845753792     
  0.10568637145536786     
  0.10571451445319791     
  0.10574265745102784     
  0.10577080044886789     
  0.10579894344669794     
  0.10582708644452787     
  0.10585522944235792     
  0.10588337244018786     
  0.10591151543802790     
  0.10593965843585784     
  0.10596780143368789     
  0.10599594443151794     
  0.10602408742934788     
  0.10605223042718792     
  0.10608037342501786     
  0.10610851642284791     
  0.10613665942067785     
  0.10616480241850790     
  0.10619294541634794     
  0.10622108841417788     
  0.10624923141200793     
  0.10627737440983787     
  0.10630551740766792     
  0.10633366040550785     
  0.10636180340333790     
  0.10638994640116795     
  0.10641808939899788     
  0.10644623239682793     
  0.10647437539465787     
  0.10650251839249791     
  0.10653066139032785     
  0.10655880438815790     
  0.10658694738598784     
  0.10661509038381789     
  0.10664323338165793     
  0.10667137637948787     
  0.10669951937731792     
  0.10672766237514786     
  0.10675580537297791     
  0.10678394837081784     
  0.10681209136864789     
  0.10684023436647794     
  0.10686837736430788     
  0.10689652036213793     
  0.10692466335997786     
  0.10695280635780791     
  0.10698094935563784     
  0.10700909235346789     
  0.10703723535129794     
  0.10706537834913787     
  0.10709352134696792     
  0.10712166434479786     
  0.10714980734262791     
  0.10717795034045785     
  0.10720609333828790     
  0.10723423633612794     
  0.10726237933395788     
  0.10729052233178793     
  0.10731866532961787     
  0.10734680832744792     
  0.10737495132528785     
  0.10740309432311790     
  0.10743123732094784     
  0.10745938031877789     
  0.10748752331660794     
  0.10751566631444787     
  0.10754380931227792     
  0.10757195231010785     
  0.10760009530793790     
  0.10762823830576784     
  0.10765638130360788     
  0.10768452430143793     
  0.10771266729926787     
  0.10774081029709792     
  0.10776895329492786     
  0.10779709629276790     
  0.10782523929059784     
  0.10785338228842789     
  0.10788152528625794     
  0.10790966828408788     
  0.10793781128191793     
  0.10796595427975786     
  0.10799409727758791     
  0.10802224027541785     
  0.10805038327324790     
  0.10807852627107795     
  0.10810666926891788     
  0.10813481226674793     
  0.10816295526457786     
  0.10819109826240791     
  0.10821924126023785     
  0.10824738425807789     
  0.10827552725590794     
  0.10830367025373788     
  0.10833181325156793     
  0.10835995624939787     
  0.10838809924723791     
  0.10841624224506785     
  0.10844438524289790     
  0.10847252824072784     
  0.10850067123855789     
  0.10852881423639793     
  0.10855695723422787     
  0.10858510023205792     
  0.10861324322988786     
  0.10864138622771791     
  0.10866952922554785     
  0.10869767222338789     
  0.10872581522121794     
  0.10875395821904787     
  0.10878210121687792     
  0.10881024421470786     
  0.10883838721254790     
  0.10886653021037784     
  0.10889467320820789     
  0.10892281620603794     
  0.10895095920386788     
  0.10897910220170792     
  0.10900724519953786     
  0.10903538819736791     
  0.10906353119519785     
  0.10909167419302790     
  0.10911981719086794     
  0.10914796018869788     
  0.10917610318652793     
  0.10920424618435787     
  0.10923238918218792     
  0.10926053218001786     
  0.10928867517785790     
  0.10931681817568784     
  0.10934496117351789     
  0.10937310417134793     
  0.10940124716917787     
  0.10942939016701791     
  0.10945753316484785     
  0.10948567616267790     
  0.10951381916050784     
  0.10954196215833789     
  0.10957010515617793     
  0.10959824815400787     
  0.10962639115183792     
  0.10965453414966786     
  0.10968267714749791     
  0.10971082014533784     
  0.10973896314316789     
  0.10976710614099794     
  0.10979524913882788     
  0.10982339213665793     
  0.10985153513449786     
  0.10987967813232791     
  0.10990782113015785     
  0.10993596412798790     
  0.10996410712581794     
  0.10999225012364788     
  0.11002039312148792     
  0.11004853611931786     
  0.11007667911714791     
  0.11010482211497785     
  0.11013296511280790     
  0.11016110811064794     
  0.11018925110847788     
  0.11021739410630793     
  0.11024553710413787     
  0.11027368010196792     
  0.11030182309980785     
  0.11032996609763790     
  0.11035810909546784     
  0.11038625209329789     
  0.11041439509112794     
  0.11044253808896787     
  0.11047068108679792     
  0.11049882408462786     
  0.11052696708245791     
  0.11055511008028784     
  0.11058325307812789     
  0.11061139607595794     
  0.11063953907378787     
  0.11066768207161792     
  0.11069582506944786     
  0.11072396806727791     
  0.11075211106511784     
  0.11078025406294789     
  0.11080839706077794     
  0.11083654005860788     
  0.11086468305643793     
  0.11089282605427786     
  0.11092096905210791     
  0.11094911204993785     
  0.11097725504776790     
  0.11100539804559784     
  0.11103354104343788     
  0.11106168404126793     
  0.11108982703909787     
  0.11111797003692792     
  0.11114611303475785     
  0.11117425603259790     
  0.11120239903042795     
  0.11123054202825788     
  0.11125868502608793     
  0.11128682802391787     
  0.11131497102175791     
  0.11134311401958785     
  0.11137125701741790     
  0.11139940001524784     
  0.11142754301307789     
  0.11145568601090794     
  0.11148382900874787     
  0.11151197200657792     
  0.11154011500440786     
  0.11156825800223791     
  0.11159640100006785     
  0.11162454399790789     
  0.11165268699573794     
  0.11168082999356788     
  0.11170897299139793     
  0.11173711598922786     
  0.11176525898706791     
  0.11179340198489784     
  0.11182154498272789     
  0.11184968798055794     
  0.11187783097838788     
  0.11190597397622792     
  0.11193411697405786     
  0.11196225997188791     
  0.11199040296971785     
  0.11201854596754790     
  0.11204668896538794     
  0.11207483196321788     
  0.11210297496104793     
  0.11213111795887787     
  0.11215926095670792     
  0.11218740395453786     
  0.11221554695237790     
  0.11224368995020784     
  0.11227183294803789     
  0.11229997594586794     
  0.11232811894369787     
  0.11235626194153792     
  0.11238440493936785     
  0.11241254793719790     
  0.11244069093502784     
  0.11246883393285789     
  0.11249697693069793     
  0.11252511992852787     
  0.11255326292635792     
  0.11258140592418786     
  0.11260954892201791     
  0.11263769191985784     
  0.11266583491768789     
  0.11269397791551794     
  0.11272212091334788     
  0.11275026391117793     
  0.11277840690900787     
  0.11280654990684791     
  0.11283469290467785     
  0.11286283590250790     
  0.11289097890033795     
  0.11291912189816788     
  0.11294726489600793     
  0.11297540789383786     
  0.11300355089166791     
  0.11303169388949785     
  0.11305983688732790     
  0.11308797988516794     
  0.11311612288299788     
  0.11314426588082793     
  0.11317240887865787     
  0.11320055187648792     
  0.11322869487432785     
  0.11325683787215790     
  0.11328498086998784     
  0.11331312386781789     
  0.11334126686564794     
  0.11336940986348787     
  0.11339755286131792     
  0.11342569585914786     
  0.11345383885697791     
  0.11348198185480785     
  0.11351012485263789     
  0.11353826785047794     
  0.11356641084830787     
  0.11359455384613792     
  0.11362269684396786     
  0.11365083984179791     
  0.11367898283963784     
  0.11370712583746789     
  0.11373526883529794     
  0.11376341183312788     
  0.11379155483095793     
  0.11381969782879786     
  0.11384784082662791     
  0.11387598382445785     
  0.11390412682228790     
  0.11393226982011784     
  0.11396041281795788     
  0.11398855581578793     
  0.11401669881361787     
  0.11404484181144792     
  0.11407298480927786     
  0.11410112780711790     
  0.11412927080494784     
  0.11415741380277789     
  0.11418555680060793     
  0.11421369979843787     
  0.11424184279626792     
  0.11426998579410785     
  0.11429812879193790     
  0.11432627178976784     
  0.11435441478759789     
  0.11438255778542794     
  0.11441070078326787     
  0.11443884378109792     
  0.11446698677892786     
  0.11449512977675791     
  0.11452327277458785     
  0.11455141577242789     
  0.11457955877025794     
  0.11460770176808788     
  0.11463584476591793     
  0.11466398776374787     
  0.11469213076158791     
  0.11472027375941785     
  0.11474841675724790     
  0.11477655975507794     
  0.11480470275290788     
  0.11483284575074792     
  0.11486098874857786     
  0.11488913174640791     
  0.11491727474423785     
  0.11494541774206790     
  0.11497356073989784     
  0.11500170373773788     
  0.11502984673556793     
  0.11505798973339787     
  0.11508613273122792     
  0.11511427572905786     
  0.11514241872689790     
  0.11517056172472784     
  0.11519870472255789     
  0.11522684772038794     
  0.11525499071821788     
  0.11528313371605792     
  0.11531127671388786     
  0.11533941971171791     
  0.11536756270954784     
  0.11539570570737789     
  0.11542384870521794     
  0.11545199170304787     
  0.11548013470087792     
  0.11550827769870786     
  0.11553642069653791     
  0.11556456369437784     
  0.11559270669220789     
  0.11562084969003794     
  0.11564899268786788     
  0.11567713568569793     
  0.11570527868352787     
  0.11573342168136791     
  0.11576156467919785     
  0.11578970767702790     
  0.11581785067485784     
  0.11584599367268789     
  0.11587413667052793     
  0.11590227966835787     
  0.11593042266618792     
  0.11595856566401785     
  0.11598670866184790     
  0.11601485165968795     
  0.11604299465751788     
  0.11607113765534793     
  0.11609928065317787     
  0.11612742365100792     
  0.11615556664884785     
  0.11618370964667790     
  0.11621185264450784     
  0.11623999564233789     
  0.11626813864016794     
  0.11629628163799788     
  0.11632442463583792     
  0.11635256763366786     
  0.11638071063149791     
  0.11640885362932785     
  0.11643699662715790     
  0.11646513962499794     
  0.11649328262282788     
  0.11652142562065793     
  0.11654956861848786     
  0.11657771161631791     
  0.11660585461415784     
  0.11663399761198789     
  0.11666214060981794     
  0.11669028360764788     
  0.11671842660547793     
  0.11674656960331786     
  0.11677471260114791     
  0.11680285559897785     
  0.11683099859680790     
  0.11685914159463784     
  0.11688728459247788     
  0.11691542759030793     
  0.11694357058813787     
  0.11697171358596792     
  0.11699985658379786     
  0.11702799958162791     
  0.11705614257946784     
  0.11708428557729789     
  0.11711242857512794     
  0.11714057157295787     
  0.11716871457078792     
  0.11719685756862785     
  0.11722500056645790     
  0.11725314356428784     
  0.11728128656211789     
  0.11730942955994794     
  0.11733757255778787     
  0.11736571555561792     
  0.11739385855344786     
  0.11742200155127791     
  0.11745014454910785     
  0.11747828754694789     
  0.11750643054477794     
  0.11753457354260788     
  0.11756271654043793     
  0.11759085953826787     
  0.11761900253610791     
  0.11764714553393785     
  0.11767528853176790     
  0.11770343152959795     
  0.11773157452742788     
  0.11775971752525793     
  0.11778786052309786     
  0.11781600352092791     
  0.11784414651875785     
  0.11787228951658790     
  0.11790043251441784     
  0.11792857551225788     
  0.11795671851008793     
  0.11798486150791787     
  0.11801300450574792     
  0.11804114750357786     
  0.11806929050141790     
  0.11809743349924784     
  0.11812557649707789     
  0.11815371949490794     
  0.11818186249273788     
  0.11821000549057792     
  0.11823814848840786     
  0.11826629148623791     
  0.11829443448406785     
  0.11832257748189789     
  0.11835072047973794     
  0.11837886347756787     
  0.11840700647539792     
  0.11843514947322786     
  0.11846329247105791     
  0.11849143546888785     
  0.11851957846672789     
  0.11854772146455794     
  0.11857586446238788     
  0.11860400746021793     
  0.11863215045804787     
  0.11866029345588791     
  0.11868843645371785     
  0.11871657945154790     
  0.11874472244937784     
  0.11877286544720789     
  0.11880100844504793     
  0.11882915144287787     
  0.11885729444070792     
  0.11888543743853786     
  0.11891358043636790     
  0.11894172343420784     
  0.11896986643203789     
  0.11899800942986793     
  0.11902615242769787     
  0.11905429542552792     
  0.11908243842335786     
  0.11911058142119790     
  0.11913872441902784     
  0.11916686741685789     
  0.11919501041468794     
  0.11922315341251788     
  0.11925129641035792     
  0.11927943940818786     
  0.11930758240601791     
  0.11933572540384785     
  0.11936386840167790     
  0.11939201139951794     
  0.11942015439734788     
  0.11944829739517793     
  0.11947644039300787     
  0.11950458339083792     
  0.11953272638867785     
  0.11956086938650790     
  0.11958901238433794     
  0.11961715538216788     
  0.11964529837999793     
  0.11967344137783786     
  0.11970158437566791     
  0.11972972737349785     
  0.11975787037132790     
  0.11978601336915784     
  0.11981415636698789     
  0.11984229936482793     
  0.11987044236265787     
  0.11989858536048792     
  0.11992672835831786     
  0.11995487135614791     
  0.11998301435398784     
  0.12001115735181789     
  0.12003930034964794     
  0.12006744334747788     
  0.12009558634530793     
  0.12012372934314786     
  0.12015187234097791     
  0.12018001533880784     
  0.12020815833663789     
  0.12023630133446794     
  0.12026444433230787     
  0.12029258733013792     
  0.12032073032796786     
  0.12034887332579791     
  0.12037701632362785     
  0.12040515932146789     
  0.12043330231929794     
  0.12046144531712788     
  0.12048958831495793     
  0.12051773131278787     
  0.12054587431061792     
  0.12057401730845785     
  0.12060216030628790     
  0.12063030330411784     
  0.12065844630194789     
  0.12068658929977794     
  0.12071473229761787     
  0.12074287529544792     
  0.12077101829327785     
  0.12079916129110790     
  0.12082730428893784     
  0.12085544728677788     
  0.12088359028460793     
  0.12091173328243787     
  0.12093987628026792     
  0.12096801927809786     
  0.12099616227593790     
  0.12102430527376784     
  0.12105244827159789     
  0.12108059126942794     
  0.12110873426725788     
  0.12113687726509792     
  0.12116502026292786     
  0.12119316326075791     
  0.12122130625858785     
  0.12124944925641790     
  0.12127759225424795     
  0.12130573525208788     
  0.12133387824991793     
  0.12136202124774786     
  0.12139016424557791     
  0.12141830724340785     
  0.12144645024124789     
  0.12147459323907794     
  0.12150273623690788     
  0.12153087923473793     
  0.12155902223256787     
  0.12158716523040791     
  0.12161530822823785     
  0.12164345122606790     
  0.12167159422389784     
  0.12169973722172789     
  0.12172788021956793     
  0.12175602321739787     
  0.12178416621522792     
  0.12181230921305786     
  0.12184045221088791     
  0.12186859520872784     
  0.12189673820655789     
  0.12192488120438794     
  0.12195302420221787     
  0.12198116720004792     
  0.12200931019787786     
  0.12203745319571790     
  0.12206559619354784     
  0.12209373919137789     
  0.12212188218920794     
  0.12215002518703788     
  0.12217816818487792     
  0.12220631118270786     
  0.12223445418053791     
  0.12226259717836785     
  0.12229074017619790     
  0.12231888317403794     
  0.12234702617186788     
  0.12237516916969793     
  0.12240331216752787     
  0.12243145516535792     
  0.12245959816319785     
  0.12248774116102790     
  0.12251588415885784     
  0.12254402715668788     
  0.12257217015451793     
  0.12260031315234787     
  0.12262845615018791     
  0.12265659914801785     
  0.12268474214584790     
  0.12271288514367784     
  0.12274102814150789     
  0.12276917113934793     
  0.12279731413717787     
  0.12282545713500792     
  0.12285360013283786     
  0.12288174313066791     
  0.12290988612850784     
  0.12293802912633789     
  0.12296617212416794     
  0.12299431512199788     
  0.12302245811982793     
  0.12305060111766786     
  0.12307874411549791     
  0.12310688711332785     
  0.12313503011115789     
  0.12316317310898794     
  0.12319131610682788     
  0.12321945910465792     
  0.12324760210248786     
  0.12327574510031791     
  0.12330388809814785     
  0.12333203109597790     
  0.12336017409381794     
  0.12338831709164788     
  0.12341646008947793     
  0.12344460308730787     
  0.12347274608513792     
  0.12350088908297785     
  0.12352903208080790     
  0.12355717507863784     
  0.12358531807646789     
  0.12361346107429794     
  0.12364160407213787     
  0.12366974706996792     
  0.12369789006779786     
  0.12372603306562791     
  0.12375417606345784     
  0.12378231906129789     
  0.12381046205912793     
  0.12383860505695787     
  0.12386674805478792     
  0.12389489105261786     
  0.12392303405045790     
  0.12395117704828784     
  0.12397932004611789     
  0.12400746304394794     
  0.12403560604177788     
  0.12406374903960793     
  0.12409189203744786     
  0.12412003503527791     
  0.12414817803310785     
  0.12417632103093790     
  0.12420446402876784     
  0.12423260702660788     
  0.12426075002443793     
  0.12428889302226787     
  0.12431703602009792     
  0.12434517901792785     
  0.12437332201576790     
  0.12440146501359794     
  0.12442960801142788     
  0.12445775100925793     
  0.12448589400708787     
  0.12451403700492791     
  0.12454218000275785     
  0.12457032300058790     
  0.12459846599841784     
  0.12462660899624789     
  0.12465475199408793     
  0.12468289499191787     
  0.12471103798974792     
  0.12473918098757786     
  0.12476732398540791     
  0.12479546698323785     
  0.12482360998107789     
  0.12485175297890794     
  0.12487989597673788     
  0.12490803897456793     
  0.12493618197239786     
  0.12496432497023791     
  0.12499246796806784     
