  0.396059000000E+00
  0.396115000000E+00
  0.396171000000E+00
  0.396227000000E+00
  0.396282000000E+00
  0.396338000000E+00
  0.396394000000E+00
  0.396449000000E+00
  0.396504000000E+00
  0.396560000000E+00
  0.396616000000E+00
  0.396672000000E+00
  0.396727000000E+00
  0.396783000000E+00
  0.396839000000E+00
  0.396894000000E+00
  0.396949000000E+00
  0.397005000000E+00
  0.397061000000E+00
  0.397116000000E+00
  0.397172000000E+00
  0.397228000000E+00
  0.397284000000E+00
  0.397339000000E+00
  0.397394000000E+00
  0.397450000000E+00
  0.397506000000E+00
  0.397562000000E+00
  0.397617000000E+00
  0.397673000000E+00
  0.397729000000E+00
  0.397784000000E+00
  0.397839000000E+00
  0.397895000000E+00
  0.397951000000E+00
  0.398007000000E+00
  0.398062000000E+00
  0.398118000000E+00
  0.398174000000E+00
  0.398229000000E+00
  0.398284000000E+00
  0.398340000000E+00
  0.398396000000E+00
  0.398451000000E+00
  0.398507000000E+00
  0.398563000000E+00
  0.398619000000E+00
  0.398674000000E+00
  0.398729000000E+00
  0.398785000000E+00
  0.398841000000E+00
  0.398896000000E+00
  0.398952000000E+00
  0.399008000000E+00
  0.399064000000E+00
  0.399119000000E+00
  0.399175000000E+00
  0.399230000000E+00
  0.399286000000E+00
  0.399342000000E+00
  0.399397000000E+00
  0.399453000000E+00
  0.399509000000E+00
  0.399564000000E+00
  0.399620000000E+00
  0.399675000000E+00
  0.399731000000E+00
  0.399786000000E+00
  0.399842000000E+00
  0.399898000000E+00
  0.399954000000E+00
  0.400010000000E+00
  0.400065000000E+00
  0.400120000000E+00
  0.400176000000E+00
  0.400231000000E+00
  0.400287000000E+00
  0.400343000000E+00
  0.400399000000E+00
  0.400454000000E+00
  0.400510000000E+00
  0.400566000000E+00
  0.400621000000E+00
  0.400676000000E+00
  0.400732000000E+00
  0.400788000000E+00
  0.400844000000E+00
  0.400899000000E+00
  0.400955000000E+00
  0.401010000000E+00
  0.401066000000E+00
  0.401122000000E+00
  0.401177000000E+00
  0.401233000000E+00
  0.401289000000E+00
  0.401344000000E+00
  0.401400000000E+00
  0.401455000000E+00
  0.401511000000E+00
  0.401566000000E+00
  0.401622000000E+00
  0.401678000000E+00
  0.401734000000E+00
  0.401790000000E+00
  0.401845000000E+00
  0.402290000000E+00
  0.402735000000E+00
  0.403180000000E+00
  0.403625000000E+00
  0.404070000000E+00
  0.404515000000E+00
  0.404960000000E+00
  0.405405000000E+00
  0.405850000000E+00
  0.406295000000E+00
  0.406740000000E+00
  0.407185000000E+00
  0.407630000000E+00
  0.408075000000E+00
  0.408520000000E+00
  0.408965000000E+00
  0.409410000000E+00
  0.409855000000E+00
  0.410300000000E+00
  0.410745000000E+00
  0.411190000000E+00
  0.411635000000E+00
  0.412080000000E+00
  0.412525000000E+00
  0.412970000000E+00
  0.413415000000E+00
  0.413860000000E+00
  0.414305000000E+00
  0.414750000000E+00
  0.415195000000E+00
  0.415640000000E+00
  0.416085000000E+00
  0.417865000000E+00
  0.419645000000E+00
  0.421425000000E+00
  0.423205000000E+00
  0.424985000000E+00
  0.426765000000E+00
  0.428545000000E+00
  0.430325000000E+00
  0.432105000000E+00
  0.433885000000E+00
  0.435665000000E+00
  0.437445000000E+00
  0.439226000000E+00
  0.441006000000E+00
  0.442786000000E+00
  0.444566000000E+00
  0.446346000000E+00
  0.448126000000E+00
  0.449906000000E+00
  0.451686000000E+00
  0.453466000000E+00
  0.455246000000E+00
  0.457026000000E+00
  0.458806000000E+00
  0.460586000000E+00
  0.462366000000E+00
  0.464146000000E+00
  0.465926000000E+00
  0.467706000000E+00
  0.469486000000E+00
  0.470154000000E+00
  0.472156000000E+00
  0.474159000000E+00
  0.476161000000E+00
  0.478164000000E+00
  0.480167000000E+00
  0.482169000000E+00
  0.484172000000E+00
  0.486174000000E+00
  0.488177000000E+00
  0.490179000000E+00
  0.492182000000E+00
  0.494184000000E+00
  0.496187000000E+00
  0.498189000000E+00
  0.500192000000E+00
  0.502195000000E+00
  0.504197000000E+00
  0.506200000000E+00
  0.508202000000E+00
  0.510205000000E+00
  0.512207000000E+00
  0.514210000000E+00
  0.516212000000E+00
  0.518215000000E+00
  0.520218000000E+00
  0.522220000000E+00
  0.524223000000E+00
  0.526225000000E+00
  0.528228000000E+00
  0.530230000000E+00
  0.532233000000E+00
  0.534235000000E+00
  0.536238000000E+00
  0.538240000000E+00
  0.540243000000E+00
  0.542246000000E+00
  0.544248000000E+00
  0.546251000000E+00
  0.548253000000E+00
  0.550256000000E+00
  0.552258000000E+00
  0.554261000000E+00
  0.556263000000E+00
  0.558266000000E+00
  0.560269000000E+00
  0.562271000000E+00
  0.564274000000E+00
  0.566276000000E+00
  0.568279000000E+00
  0.570281000000E+00
  0.572284000000E+00
  0.574286000000E+00
  0.576289000000E+00
  0.578291000000E+00
  0.580294000000E+00
  0.582297000000E+00
  0.584299000000E+00
  0.586302000000E+00
  0.588304000000E+00
  0.590307000000E+00
  0.592309000000E+00
  0.594312000000E+00
  0.596314000000E+00
  0.598317000000E+00
  0.600320000000E+00
  0.602322000000E+00
  0.604325000000E+00
  0.606327000000E+00
  0.608330000000E+00
  0.610332000000E+00
  0.612335000000E+00
  0.614337000000E+00
  0.616340000000E+00
  0.618342000000E+00
  0.620345000000E+00
  0.622348000000E+00
  0.624350000000E+00
  0.626353000000E+00
  0.628355000000E+00
