  0.18528884082285790     
  0.18706888543572786     
  0.18884893004859793     
  0.19062897466146789     
  0.19240901927432785     
  0.19418906388719792     
  0.19596910850006788     
  0.19774915311293784     
  0.19952919772580791     
  0.20130924233867786     
  0.20308928695154793     
  0.20486933156441789     
  0.20664937617728785     
  0.20842942079014792     
  0.21020946540301788     
  0.21198951001588784     
  0.21376955462875791     
  0.21554959924162786     
  0.21732964385449793     
  0.21910968846736789     
  0.22088973308023785     
  0.22266977769310792     
  0.22444982230597788     
  0.22622986691883784     
  0.22800991153170791     
  0.22978995614457787     
  0.23157000075744794     
  0.23335004537031789     
  0.23513008998318785     
  0.23691013459605792     
  0.23869017920892788     
