 -2  5      -1  2 -3       0  1 -2     1 -2  3    -2  3 -4
               (0.0000000000000000,0.0000000000000000)             (-267.58575786883091,-63.882569151229518)               (330.45649793148891,199.29793740912419)              (-366.21839516107468,169.33812647715172)              (-178.32085120606760,22.867038561048503)              (-80.234519584619648,239.17807652205551)              (1615.0744237112456,-494.32133257169335)              (-33.903662923758930,210.02903582061120)              (143.36702705438438,-938.35247348758503)
               (0.0000000000000000,0.0000000000000000)             (-267.58770188291925,-63.875131962058049)               (330.46010481465919,199.29141725803856)              (-366.21598329592427,169.34592491946592)              (-178.31995274125737,22.869196952775269)              (-80.195053281162018,239.29244736837200)              (1615.0595063622043,-494.34390240194989)              (-33.858543954786001,210.11099802494613)              (143.66145881676312,-937.83979029170337)
               (0.0000000000000000,0.0000000000000000)             (-267.59666509433993,-63.857949898485003)               (330.45479693638799,199.29501970097931)              (-366.21505229818229,169.36635236876577)              (-178.31995340607205,22.867238887361850)              (-80.187250014244910,239.43449021308072)              (1615.0644092536998,-494.31990845406290)              (-33.834780415844762,210.21583793418711)              (143.82133855740358,-937.18469886559319)
               (0.0000000000000000,0.0000000000000000)             (-267.61770885947902,-63.834860500728382)               (330.43684562605972,199.30055104596795)              (-366.22201395602292,169.39841651434904)              (-178.31844274458433,22.861818843204901)              (-80.221165122583898,239.58715379876219)              (1615.0601480968635,-494.24548002430402)              (-33.840901530642441,210.33164955916641)              (143.78814223474546,-936.46766112847808)
               (0.0000000000000000,0.0000000000000000)             (-267.65343999779606,-63.812781407535113)               (330.40732453452028,199.30032718655730)              (-366.24229560275739,169.43827319743400)              (-178.31366914957619,22.854729594259993)              (-80.297222491915363,239.73023793509969)              (1615.0189697074268,-494.13337316831530)              (-33.878809845403566,210.44396856582091)              (143.55251330123428,-935.78916364686256)
               (0.0000000000000000,0.0000000000000000)             (-267.49321867965165,-64.922345347174314)               (329.86092940572166,200.81093178262108)              (-366.63924590175179,166.15547789709854)              (-178.09307805171949,21.388467924788870)              (-79.768308663930839,240.13132343499359)              (1614.1347797284607,-477.76526309448946)              (-33.545397247327628,210.38862460697942)              (141.59427942523143,-940.77161698869475)
               (0.0000000000000000,0.0000000000000000)             (-267.49957076168414,-64.907905627654372)               (329.85756898732188,200.81412617181581)              (-366.63704491273450,166.17213286752099)              (-178.09321524055562,21.387031268788064)              (-79.749462874595793,240.25477313466558)              (1614.1392127243075,-477.74971819667189)              (-33.514306786942825,210.48109346718394)              (141.81270293410489,-940.15979717274411)
               (0.0000000000000000,0.0000000000000000)             (-267.51566973682634,-64.886552797550394)               (329.84058776437132,200.82306689820280)              (-366.64108346979026,166.20014785593344)              (-178.09246312184490,21.381183663098341)              (-79.767395440054770,240.39211024679810)              (1614.1430908311688,-477.68039338879953)              (-33.509972520654173,210.58643286673845)              (141.85508531325468,-939.46124381780533)
               (0.0000000000000000,0.0000000000000000)             (-267.54522431945105,-64.863452736634144)               (329.80953793216372,200.82806972257595)              (-366.65688644158854,166.23618958751968)              (-178.08860636972449,21.372455278408324)              (-79.824683083208129,240.52481138747703)              (1614.1163483959845,-477.56452140085730)              (-33.535317942264783,210.69102566192515)              (141.69715693785110,-938.77085659636987)
               (0.0000000000000000,0.0000000000000000)             (-267.58832665557566,-64.846112582975593)               (329.76893453007369,200.82197833606165)              (-366.68764641833081,166.27440239793259)              (-178.08054851533103,21.363314452577924)              (-79.914320066697655,240.63535393793495)              (1614.0366972343913,-477.42559648571569)              (-33.586465465891933,210.78182470456125)              (141.36699629247050,-938.18424969668285)
               (0.0000000000000000,0.0000000000000000)             (-267.26004205351649,-65.846803595257825)               (329.12661854898442,202.11565812827894)              (-366.41498776863341,162.64123607961028)              (-177.54763716188705,19.854760196951815)              (-79.256537253213992,240.56790282319662)              (1611.9692375390521,-464.37662589347929)              (-32.755882803751547,210.77811316542346)              (137.34028180892892,-943.24343129270096)
               (0.0000000000000000,0.0000000000000000)             (-267.27178033536381,-65.828689986181644)               (329.11176816611908,202.12769047820507)              (-366.41607685272720,162.66427710799644)              (-177.54751777747498,19.848764435156568)              (-79.259882413625746,240.68667065203670)              (1611.9790622112632,-464.31385341341775)              (-32.741908504596950,210.87099092716988)              (137.44851658576772,-942.59924067878171)
               (0.0000000000000000,0.0000000000000000)             (-267.29409479171443,-65.807111976747819)               (329.07940092795855,202.13943108979242)              (-366.42677202668744,162.69547830133934)              (-177.54446076730972,19.838590887798887)              (-79.298377416901985,240.80556420491246)              (1611.9651678351931,-464.19614148219171)              (-32.754952140335945,210.96599245180630)              (137.37070099712219,-941.93505387441883)
               (0.0000000000000000,0.0000000000000000)             (-267.32899990229271,-65.787605591308420)               (329.03295594381734,202.14040901702651)              (-366.45069338911605,162.72990419047505)              (-177.53669521007333,19.826671317062051)              (-79.367778089121657,240.90824224065068)              (1611.8996474128121,-464.04246548538322)              (-32.792532848515293,211.05066704947785)              (137.11864479607357,-941.34286687471422)
               (0.0000000000000000,0.0000000000000000)             (-267.37476753724303,-65.777082372419954)               (328.98036747478614,202.12486072269235)              (-366.48856237293262,162.76135073151750)              (-177.52396351138876,19.816012684808925)              (-79.456074298821022,240.98249573795988)              (1611.7685772494249,-463.88543735267922)              (-32.846633518533054,211.11555518824525)              (136.75065237529634,-940.89720154732731)
               (0.0000000000000000,0.0000000000000000)             (-267.12582644240683,-66.680448264688039)               (328.58581108725309,203.33817653751794)              (-365.89638097806335,159.65686994759130)              (-176.95511144871477,18.593860231625285)              (-78.333540804103905,241.07458822885047)              (1612.5023994292237,-451.95723999685470)              (-32.010921183961500,211.57380661884812)              (132.80643836073796,-947.41788917881763)
               (0.0000000000000000,0.0000000000000000)             (-267.14195086419738,-66.662445121344263)               (328.55477815379811,203.35690676524496)              (-365.90227161488099,159.68214166559278)              (-176.95302171597123,18.582645537368080)              (-78.355264452170104,241.17806997937817)              (1612.5006053064362,-451.84111077313446)              (-32.013037756754557,211.65875698599433)              (132.80080705168439,-946.81099251994863)
               (0.0000000000000000,0.0000000000000000)             (-267.16764448693300,-66.643976892838737)               (328.50406223075868,203.36756860693231)              (-365.91900115773501,159.71150654993448)              (-176.94588470620863,18.568274347840088)              (-78.405541665105375,241.27122128926089)              (1612.4508048545053,-451.67734983310402)              (-32.038295671158266,211.73699698264556)              (132.62995101514389,-946.24544835978372)
               (0.0000000000000000,0.0000000000000000)             (-267.20352024929957,-66.630062870248366)               (328.44151117614547,203.36005173812259)              (-365.94793268831472,159.73959144245146)              (-176.93272750350644,18.553995244589260)              (-78.475377746038248,241.34192402934650)              (1612.3315920456280,-451.49623850181160)              (-32.080243964391684,211.79895969393777)              (132.33513729351580,-945.79529097607656)
               (0.0000000000000000,0.0000000000000000)             (-267.24663917878451,-66.626361508647051)               (328.37831432595976,203.33117463749090)              (-365.98753968577114,159.76096675518511)              (-176.91438712217973,18.543105928498221)              (-78.550706268982367,241.38420534884824)              (1612.1409415548692,-451.33675422192573)              (-32.128861552464741,211.83967658537222)              (131.99136876058492,-945.50403864291320)
               (0.0000000000000000,0.0000000000000000)             (-267.08146634331814,-67.623234830195543)               (328.14356807054548,204.74195129466489)              (-365.83217111356009,156.91785829692731)              (-176.59806759795424,17.383068398341038)              (-77.458956078387928,241.96095658921951)              (1613.8103205657940,-437.19148132172086)              (-31.610734534414405,212.34917208626115)              (129.57238515108656,-951.36690623486970)
               (0.0000000000000000,0.0000000000000000)             (-267.09944809848866,-67.608371882782876)               (328.09298887422949,204.76319065829603)              (-365.84243044626521,156.94098436708805)              (-176.59209177228780,17.366823804632645)              (-77.492982253078480,242.04452476725942)              (1613.7779552685511,-437.02391753824850)              (-31.625457365340935,212.42163505365102)              (129.47570141606229,-950.85109469451470)
               (0.0000000000000000,0.0000000000000000)             (-267.12482436989154,-67.594849863848140)               (328.02348190624093,204.76757185518591)              (-365.86270112428679,156.96448365483593)              (-176.57933881135540,17.349363279811541)              (-77.546742901413836,242.11133026440257)              (1613.6764909733170,-436.82612925871763)              (-31.657219617166220,212.48133863455848)              (129.25652683098087,-950.42006573056142)
               (0.0000000000000000,0.0000000000000000)             (-267.15742111180901,-67.586671504409878)               (327.94731178655934,204.74698057792421)              (-365.89237320077609,156.98359931436630)              (-176.56000695872075,17.334449516954351)              (-77.608711063496003,242.15429943971287)              (1613.4957841126500,-436.63689975250509)              (-31.697261122989630,212.52241873656425)              (128.97354001838175,-950.12089737785209)
               (0.0000000000000000,0.0000000000000000)             (-267.19391040336018,-67.588051381580954)               (327.87808541433401,204.70214642046221)              (-365.92846849156672,156.99448177673457)              (-176.53619360706043,17.325226163863590)              (-77.665202718117598,242.17328115809710)              (1613.2483378028110,-436.49654811023629)              (-31.735432145758523,212.54425674945804)              (128.70320304625420,-949.96432103112761)
               (0.0000000000000000,0.0000000000000000)             (-266.95932920805137,-68.657065875650915)               (327.57194841655030,206.21988334336356)              (-365.98569683291510,153.78940845207126)              (-176.28380901779312,15.982866340353326)              (-76.868395045945363,242.81537219471329)              (1612.9257225079582,-421.76080091289805)              (-31.160498474330097,212.80886195015410)              (126.16996484086667,-953.72154551834831)
               (0.0000000000000000,0.0000000000000000)             (-266.97619143458564,-68.646791913889274)               (327.50168005130172,206.23770085151182)              (-365.99837490392736,153.80717966245265)              (-176.27239058904004,15.963008943612181)              (-76.909181206006451,242.87921073802772)              (1612.8470930895287,-421.55529946351544)              (-31.183818023627737,212.86786942822570)              (126.01966619052837,-953.32182903740591)
               (0.0000000000000000,0.0000000000000000)             (-266.99801726918378,-68.638318252614681)               (327.41688219919286,206.23051238908238)              (-366.01888744130918,153.82280135948349)              (-176.25340607780598,15.944599950422344)              (-76.960601171386315,242.92326261581741)              (1612.6872353346421,-421.34535299761137)              (-31.217430585581042,212.91066285339005)              (125.79807927731599,-953.02756774412228)
               (0.0000000000000000,0.0000000000000000)             (-267.02447085018400,-68.634584474095163)               (327.33332819153134,206.19396508315231)              (-366.04534040774126,153.83277658965903)              (-176.22844565383602,15.931371079988480)              (-77.010370063092751,242.94545978879967)              (1612.4505465111286,-421.17270611671665)              (-31.251656809118685,212.93515567043096)              (125.56838857332787,-952.85733276396536)
               (0.0000000000000000,0.0000000000000000)             (-267.05245732906792,-68.638582122815933)               (327.26537557964070,206.13366504415785)              (-366.07425877088895,153.83506390572074)              (-176.20078105072312,15.925733729912622)              (-77.046787799800541,242.95049388942050)              (1612.1639413097314,-421.07240362191715)              (-31.277470648809640,212.94441893984492)              (125.39630926551854,-952.79429713344962)
               (0.0000000000000000,0.0000000000000000)             (-266.76687110254920,-69.622629465296086)               (326.94312399359046,207.54511954427107)              (-365.79162413781705,150.46210842386745)              (-175.79055164130358,14.554055058874724)              (-76.190302642149163,243.39014865632794)              (1611.1115362475580,-408.32657063068200)              (-30.366658280969887,213.25807312661016)              (121.52592042431388,-955.81405214674044)
               (0.0000000000000000,0.0000000000000000)             (-266.78040025755564,-69.616766798049184)               (326.85714362710223,207.55353867953363)              (-365.80426048255561,150.47330011291319)              (-175.77317848409294,14.532992453000020)              (-76.233812998278154,243.43683031834138)              (1610.9801793614279,-408.10593097228593)              (-30.395333226339972,213.30473167248877)              (121.35732560546785,-955.52679357873888)
               (0.0000000000000000,0.0000000000000000)             (-266.79692636674156,-69.612222190663715)               (326.76438874469579,207.53143097616839)              (-365.82216854678802,150.48124088351756)              (-175.74879352008671,14.516228823119491)              (-76.279235145899975,243.46323972632092)              (1610.7686064001105,-407.91003256516979)              (-30.427509211529468,213.33365187912781)              (121.16541155596042,-955.34713787897385)
               (0.0000000000000000,0.0000000000000000)             (-266.81633295570333,-69.611135335603421)               (326.68213064048496,207.47950907586778)              (-365.84292763959888,150.48384213566192)              (-175.72024934751909,14.506766536043642)              (-76.314921773170454,243.47176029846185)              (1610.4956569885460,-407.77617071353143)              (-30.453670076856952,213.34616835894337)              (121.00899923148336,-955.26799278076123)
               (0.0000000000000000,0.0000000000000000)             (-266.83602240996402,-69.615659286012715)               (326.62327179571935,207.40830113509128)              (-365.86333279833025,150.48061538463185)              (-175.69157200714704,14.505775897118610)              (-76.332101963472496,243.47109404963749)              (1610.1989968452529,-407.72797075358176)              (-30.466575068028533,213.34851500188415)              (120.93617079624983,-955.25360353488395)
               (0.0000000000000000,0.0000000000000000)             (-266.63450218714269,-70.501799151255227)               (326.43806646068595,208.74358219256965)              (-365.36490969694023,147.44367965370520)              (-175.23395275027119,13.299312365240667)              (-75.177845790035462,243.96591454869662)              (1610.6518608464617,-395.95611184368408)              (-29.472330894727065,213.95146675007328)              (116.87103497208227,-958.81756555013180)
               (0.0000000000000000,0.0000000000000000)             (-266.64404908569009,-70.499231980743389)               (326.34451010963835,208.73850488988001)              (-365.37575971490912,147.44904081955224)              (-175.21162084681231,13.279901145119652)              (-75.220941016898450,243.99817723607492)              (1610.4743772479192,-395.74849194874696)              (-29.503665884939892,213.98688554797940)              (116.70805687368556,-958.62388632478451)
               (0.0000000000000000,0.0000000000000000)             (-266.65532440755999,-70.497224704174869)               (326.25321948176543,208.70161601986865)              (-365.38969856326389,147.45108603194990)              (-175.18403402116365,13.266964227054586)              (-75.257630557400489,244.01132995372689)              (1610.2305107153584,-395.58987118453570)              (-29.531654787326488,214.00426716022108)              (116.56315827647177,-958.52731807036753)
               (0.0000000000000000,0.0000000000000000)             (-266.66848647144531,-70.497426269589369)               (326.18087265451368,208.63883261407409)              (-365.40431247791992,147.44893404805885)              (-175.15491039554030,13.262334606349782)              (-75.277772644337347,244.01254405293935)              (1609.9503935763105,-395.50777897857824)              (-29.547446309151383,214.00878736369987)              (116.48423966041446,-958.50188628374553)
               (0.0000000000000000,0.0000000000000000)             (-266.68139746981143,-70.501427276186860)               (326.13681382002483,208.56448873321847)              (-365.41705739375919,147.44318870874895)              (-175.12837528408144,13.265717534825740)              (-75.276545331508714,244.01343745797203)              (1609.6760300521755,-395.51080726131204)              (-29.546413476021144,214.00922918232894)              (116.50027759358090,-958.49910501450188)
               (0.0000000000000000,0.0000000000000000)             (-266.57797235595240,-71.393262536569637)               (326.03022770697942,209.96012598227435)              (-365.13699793885110,144.67856606315490)              (-174.79014602608842,12.133722625019118)              (-74.067049790573037,244.76069411906718)              (1610.8338690033179,-382.58603905151540)              (-28.734912600046528,214.68335464989121)              (113.40529735031123,-961.90118450431567)
               (0.0000000000000000,0.0000000000000000)             (-266.58444284453680,-71.392881213256260)               (325.93854415849773,209.94098703416284)              (-365.14575850701897,144.67996910002125)              (-174.76498219585358,12.118204888158630)              (-74.105914649487431,244.78046688701295)              (1610.6281503075115,-382.41491412575215)              (-28.765314409560233,214.70771058833236)              (113.26379057189934,-961.78119298253682)
               (0.0000000000000000,0.0000000000000000)             (-266.59182257323141,-71.392545308909803)               (325.85769519045482,209.89315969339123)              (-365.15605368692241,144.67837479918421)              (-174.73713498266713,12.110247549500741)              (-74.130136244528330,244.78475682863956)              (1610.3794828621553,-382.30749357198238)              (-28.784994439754200,214.71576366993625)              (113.17560174529808,-961.74099269920521)
               (0.0000000000000000,0.0000000000000000)             (-266.60039615906209,-71.393544442155189)               (325.80137873117474,209.82683760268628)              (-365.16569530212234,144.67383470359732)              (-174.71050361110085,12.110247611526006)              (-74.132591851434881,244.78498143389317)              (1610.1229598360142,-382.27749380366913)              (-28.787007475155633,214.71638186222296)              (113.17526110977542,-961.73846937524206)
               (0.0000000000000000,0.0000000000000000)             (-266.60836436758149,-71.396942263686014)               (325.77404865571702,209.75811087815487)              (-365.17287142095915,144.66766976382951)              (-174.68863661318719,12.116591413760602)              (-74.113391696175540,244.79477339465569)              (1609.8975955687738,-382.31859445050941)              (-28.770233096723359,214.72047289742648)              (113.27133193793725,-961.71776271271051)
               (0.0000000000000000,0.0000000000000000)             (-266.50436304747967,-72.312318373390553)               (325.57860693787711,211.18421026929400)              (-365.08603467190346,141.78968127514918)              (-174.39710551283721,10.894660190033392)              (-73.100132666210811,245.57857965608090)              (1609.7766573270392,-368.62873965374729)              (-28.027449884104271,215.20335507257064)              (110.50545930012959,-964.05525192672474)
               (0.0000000000000000,0.0000000000000000)             (-266.50944939441939,-72.313702318888318)               (325.49752641866473,211.15401826190964)              (-365.09367697307164,141.78894957291141)              (-174.37186124249976,10.884242777471286)              (-73.129174585879127,245.58776264419674)              (1609.5677310327760,-368.50779082964436)              (-28.051426563717314,215.21677174339857)              (110.40259928751675,-963.99375395560560)
               (0.0000000000000000,0.0000000000000000)             (-266.51461319297391,-72.314950511357893)               (325.43326296973407,211.10169197395908)              (-365.10167211224245,141.78545181115555)              (-174.34661375338311,10.881161415182419)              (-73.136229787354068,245.58824228446002)              (1609.3421134569298,-368.45246283291999)              (-28.057424722028372,215.21848312973077)              (110.38445241007321,-963.98688559861569)
               (0.0000000000000000,0.0000000000000000)             (-266.52015052622903,-72.316893113323886)               (325.39509854017842,211.03983376456017)              (-365.10809433156828,141.78004786815245)              (-174.32478998787388,10.884518836094571)              (-73.118906899685726,245.59479787644602)              (1609.1330375169584,-368.46280793216738)              (-28.041922654474774,215.22064306203509)              (110.46850386986443,-963.97911621584240)
               (0.0000000000000000,0.0000000000000000)             (-266.52462459592363,-72.319939471800126)               (325.38244008494325,210.98390846473580)              (-365.11184335048529,141.77461729018091)              (-174.30887778449221,10.891838760655560)              (-73.083225828049308,245.62135675284097)              (1608.9706086520966,-368.52134792397737)              (-28.008392862411711,215.23514225279311)              (110.64103402250021,-963.91166466690925)
               (0.0000000000000000,0.0000000000000000)             (-266.38345788106363,-73.182510369490046)               (325.06966074190768,212.31008742524591)              (-364.88029806686075,138.75037745478471)              (-173.90907089524831,9.6123164687720646)              (-72.173183613874244,246.18472875840254)              (1607.6685061159055,-355.70040205681835)              (-27.149830793617639,215.59547265696432)              (107.13241075870519,-965.77281730188133)
               (0.0000000000000000,0.0000000000000000)             (-266.38855572221144,-73.185930746328040)               (325.00469943428448,212.27421801863784)              (-364.88816874808674,138.74851113113414)              (-173.88626361900904,9.6069168806160405)              (-72.185713771436440,246.18688860951119)              (1607.4800203861591,-355.63019273680038)              (-27.160591698875805,215.59968230246528)              (107.09271736803657,-965.75560800410278)
               (0.0000000000000000,0.0000000000000000)             (-266.39259647520510,-73.189023042935105)               (324.95897800105763,212.22427740608805)              (-364.89514013491214,138.74400969302337)              (-173.86560568767780,9.6075623720482781)              (-72.171596017869206,246.19041674210888)              (1607.2972027905103,-355.61641145727481)              (-27.147784315665831,215.60005775982262)              (107.16357156894446,-965.75683206543056)
               (0.0000000000000000,0.0000000000000000)             (-266.39599852917883,-73.191973296243532)               (324.93706693108709,212.17315071504277)              (-364.89964094959362,138.73860025107183)              (-173.84960878740984,9.6124874544450449)              (-72.134680202695563,246.21151014954194)              (1607.1462503394591,-355.64885041053640)              (-27.112838886620011,215.61071988100511)              (107.34028116157697,-965.71169984558537)
               (0.0000000000000000,0.0000000000000000)             (-266.39793871127779,-73.194471610472647)               (324.93429001087179,212.13370151897675)              (-364.90139239252562,138.73468967757367)              (-173.83954454448576,9.6189431749583036)              (-72.087116077012979,246.26188440918310)              (1607.0456178447948,-355.70460556471517)              (-27.064434850475664,215.64260973925616)              (107.58454409952537,-965.56500297766308)
               (0.0000000000000000,0.0000000000000000)             (-266.27112997760412,-73.978005415970756)               (324.58826859166857,213.34121717591506)              (-364.45745161996149,135.83112429082371)              (-173.33829920399884,8.4074288500363537)              (-71.104282199477439,246.64578011714102)              (1605.9841561938820,-343.75708484637289)              (-26.176146581879038,216.05445952583290)              (103.44117008457124,-968.02203059426995)
               (0.0000000000000000,0.0000000000000000)             (-266.27662373884812,-73.983810489507732)               (324.54080846400223,213.30525703589637)              (-364.46630465369867,135.82839214493765)              (-173.31950795668823,8.4059908266993943)              (-71.095017964443286,246.64704192263144)              (1605.8311906969680,-343.72797481534235)              (-26.167692899240137,216.05384688167550)              (103.49397705278079,-968.02800574913442)
               (0.0000000000000000,0.0000000000000000)             (-266.27984992705132,-73.988541417951637)               (324.51177238379182,213.26284256141321)              (-364.47269029419090,135.82333127459242)              (-173.30415638740388,8.4087701195875297)              (-71.059070664768569,246.66167368270902)              (1605.6984237679753,-343.73985023866862)              (-26.133626131353139,216.05973454407396)              (103.67113364330635,-968.00395798222610)
               (0.0000000000000000,0.0000000000000000)             (-266.28151436206662,-73.991834855215529)               (324.50185008309631,213.22541210194163)              (-364.47571623515523,135.81872363039884)              (-173.29373969330183,8.4136886026418551)              (-71.007071152897879,246.70429551511720)              (1605.6029837638489,-343.77748753395826)              (-26.081248741138779,216.08587058165210)              (103.94119584861073,-967.88332698712770)
               (0.0000000000000000,0.0000000000000000)             (-266.28184297393295,-73.992802482644038)               (324.50356105859157,213.20224491694080)              (-364.47621609294447,135.81737893588252)              (-173.28841763679370,8.4181412765201458)              (-70.955973865902251,246.78192980220027)              (1605.5518903909167,-343.81708257015725)              (-26.023822283529398,216.14006365062841)              (104.24050872881162,-967.62491465181529)
               (0.0000000000000000,0.0000000000000000)             (-266.19313284525168,-74.756676110386934)               (324.14273432884306,214.38229710198857)              (-364.04664511124065,133.10856047010043)              (-172.79612725222245,7.2775784967489017)              (-69.948145589689602,247.14759795370247)              (1604.9505288513674,-331.44260287699672)              (-25.302992710106764,216.56268973462272)              (100.14817309052160,-970.75007948700431)
               (0.0000000000000000,0.0000000000000000)             (-266.19838625162163,-74.764540308256755)               (324.11079599217669,214.35022006083432)              (-364.05600663027940,133.10464025614237)              (-172.78177674332213,7.2787048787906770)              (-69.915985254090629,247.15564132633875)              (1604.8371245861335,-331.44069534418304)              (-25.272690237298320,216.56387951384261)              (100.31663115142055,-970.74624441859009)
               (0.0000000000000000,0.0000000000000000)             (-266.20034152348632,-74.769955321120960)               (324.09444547720489,214.31767817860737)              (-364.06127891159144,133.09966856114147)              (-172.77134638116507,7.2822115052622394)              (-69.862604756645396,247.18830176283524)              (1604.7504157250451,-331.46336205792977)              (-25.219528732983918,216.58227116546541)              (100.60278411628224,-970.65646643685182)
               (0.0000000000000000,0.0000000000000000)             (-266.20072524040967,-74.772064948209845)               (324.09132849141452,214.29384806549933)              (-364.06269658636768,133.09713059854062)              (-172.76538589198927,7.2860268869513902)              (-69.804129620180447,247.25585064842892)              (1604.6985448201424,-331.49372213331208)              (-25.156082001621598,216.62876376310501)              (100.94648548638361,-970.42515267048941)
               (0.0000000000000000,0.0000000000000000)             (-266.20083799348777,-74.770037744000547)               (324.09325025430689,214.28415307620116)              (-364.06252789635039,133.09984505849616)              (-172.76336546038985,7.2881255579995923)              (-69.760028213716396,247.35802595189813)              (1604.6804774889940,-331.51226689766372)              (-25.098783572388584,216.70552289101659)              (101.26588019242809,-970.03416371052970)
               (0.0000000000000000,0.0000000000000000)             (-266.10164595638736,-75.563466988209711)               (323.64722107212003,215.48327197543495)              (-363.75446264496770,130.38269514659532)              (-172.30262410342579,6.1197396246988092)              (-68.884484210634355,247.69920922204523)              (1603.4908618101795,-318.30911417011430)              (-24.549764446003337,216.97109513827701)              (97.195839433842593,-973.21813291274702)
               (0.0000000000000000,0.0000000000000000)             (-266.10558700757758,-75.571949581106082)               (323.62717386160080,215.45675120347573)              (-363.76287623881092,130.37805300870218)              (-172.29225964015703,6.1222286023829611)              (-68.833852878139169,247.72080309808950)              (1603.4120914044356,-318.32177080214478)              (-24.500050423702987,216.98100937839456)              (97.482666830772359,-973.16342868811125)
               (0.0000000000000000,0.0000000000000000)             (-266.10627268335418,-75.576012222775262)               (323.61920712014899,215.43399369030180)              (-363.76604300898032,130.37447604501790)              (-172.28578196141399,6.1255422240440112)              (-68.772058558331992,247.77452561098630)              (1603.3609846096451,-318.34504897803254)              (-24.434827790746567,217.01646261134510)              (97.855272043470904,-972.97106537171771)
               (0.0000000000000000,0.0000000000000000)             (-266.10643664054936,-75.575035740974727)               (323.61906622369452,215.42172280675459)              (-363.76580320187691,130.37577469979306)              (-172.28304391050216,6.1278537866743363)              (-68.718104551651322,247.86403711922628)              (1603.3387552171880,-318.36330220384843)              (-24.370127015112075,217.08320430079809)              (98.230788731863868,-972.60907463693093)
               (0.0000000000000000,0.0000000000000000)             (-266.10836645115415,-75.568842805274699)               (323.61853854473350,215.42203931850395)              (-363.76596344338429,130.38410367986194)              (-172.28305513350290,6.1276801818688682)              (-68.690186564284431,247.98194788307114)              (1603.3388556443488,-318.36162409903136)              (-24.322433711061194,217.17727569878735)              (98.519670919587952,-972.09247156896822)
               (0.0000000000000000,0.0000000000000000)             (-265.95360949155582,-76.377464183325628)               (323.05436257842030,216.59821717412706)              (-363.43600892364418,127.52055860047540)              (-171.77849829697757,4.8968920281886312)              (-67.950739386544456,248.17728381829656)              (1601.1107476238658,-305.19730792661812)              (-23.784475436226330,217.26327643180605)              (93.861143640128830,-975.21292107016370)
               (0.0000000000000000,0.0000000000000000)             (-265.95561679777609,-76.384259444153258)               (323.04265429928375,216.57728032049636)              (-363.44174425564745,127.51641617316932)              (-171.77133408906323,4.8999199009111862)              (-67.890792380945186,248.21552268150452)              (1601.0579593351567,-305.21595633220568)              (-23.722638929735695,217.28646827904561)              (94.240648385458371,-975.07102624784534)
               (0.0000000000000000,0.0000000000000000)             (-265.95574590339839,-76.384789632356160)               (323.03963278694596,216.56321937327812)              (-363.44220584508707,127.51609226636060)              (-171.76781321806888,4.9024885915374625)              (-67.831748500948834,248.28762399338703)              (1601.0314775452380,-305.23423211764657)              (-23.655371405670394,217.33895870051447)              (94.652366926024115,-974.75826894018223)
               (0.0000000000000000,0.0000000000000000)             (-265.95747337701613,-76.379374049569151)               (323.03967543224519,216.56047286514627)              (-363.44099178189731,127.52292946625175)              (-171.76724671061694,4.9030520490812251)              (-67.792007110975646,248.39019927893855)              (1601.0272269938773,-305.23845059316409)              (-23.599323988559945,217.42044144083778)              (95.003530898560712,-974.27561048973075)
               (0.0000000000000000,0.0000000000000000)             (-265.96347047071470,-76.368997175889945)               (323.03494714982969,216.56830697419650)              (-363.44312045545394,127.53766096967365)              (-171.76832236061202,4.9006174804687817)              (-67.785320271657383,248.51014495669250)              (1601.0349523610676,-305.21810092284977)              (-23.568201042840201,217.52148863510786)              (95.213462141053242,-973.67199034463385)
               (0.0000000000000000,0.0000000000000000)             (-265.76528018626851,-77.167832080610196)               (322.40736476280813,217.68736928619364)              (-362.96204197231589,124.61883551328447)              (-171.18306499872199,3.6710768867601473)              (-67.036791756773255,248.55061827864583)              (1598.4947251672820,-292.69063910011937)              (-22.955482364481895,217.56904819578995)              (89.809663575374543,-977.17077757943798)
               (0.0000000000000000,0.0000000000000000)             (-265.76576803019213,-77.170561722929961)               (322.40138041266312,217.67175367934715)              (-362.96406445403227,124.61707259422815)              (-171.17844835783194,3.6740433909824333)              (-66.978449534039555,248.60340149762672)              (1598.4606779514061,-292.71003155706330)              (-22.891297661340559,217.60588514446505)              (90.231642429274871,-976.92495700187328)
               (0.0000000000000000,0.0000000000000000)             (-265.76691632184099,-77.166118658878304)               (322.40075953453191,217.66576415927375)              (-362.96224795423041,124.62177021601860)              (-171.17713932857009,3.6753499290316540)              (-66.931783275270845,248.68587355085694)              (1598.4510143543703,-292.71930926575715)              (-22.831706995693139,217.67054725731788)              (90.622893549378205,-976.50380428127301)
               (0.0000000000000000,0.0000000000000000)             (-265.77225126125740,-77.156247835251179)               (322.39864391362039,217.67158785407673)              (-362.96161025142453,124.63494999149270)              (-171.17793046844182,3.6737361760770000)              (-66.911462084106461,248.78901909781735)              (1598.4568445151622,-292.70682558444969)              (-22.791161863903426,217.75736635461098)              (90.897385759226381,-975.94257079814929)
               (0.0000000000000000,0.0000000000000000)             (-265.78396079430860,-77.143180815883397)               (322.38768509432555,217.68581122328965)              (-362.96760412517642,124.65539174639548)              (-171.17919741150152,3.6686974802271379)              (-66.924883958010014,248.89698144078062)              (1598.4646627257171,-292.66631457191397)              (-22.778550587485142,217.85357146073790)              (90.998513855420242,-975.31636349756945)
               (0.0000000000000000,0.0000000000000000)             (-265.57410067423126,-77.948150475320290)               (321.76214797069224,218.77850855950146)              (-362.40080924335848,121.80732435770210)              (-170.56552274943860,2.4925483896420246)              (-66.075629568344993,248.91901949161115)              (1596.3007945713721,-280.34646502639589)              (-22.147675138591694,217.96626920580741)              (85.383619792462014,-979.34194462812775)
               (0.0000000000000000,0.0000000000000000)             (-265.57452916979372,-77.945414500993820)               (321.76002284054812,218.76897940895947)              (-362.39943217727898,121.80968522702597)              (-170.56312887824751,2.4947315020439191)              (-66.027931531642935,248.97979675501975)              (1596.2824082696402,-280.36136130620980)              (-22.090229768248491,218.01297484258384)              (85.788039732403377,-979.00331317787550)
               (0.0000000000000000,0.0000000000000000)             (-265.57860518304238,-77.936113168967267)               (321.75935422301563,218.77172308008471)              (-362.39687388993980,121.82016165903656)              (-170.56349096392216,2.4939647305416202)              (-65.998760504159236,249.06200737260642)              (1596.2852563268975,-280.35556439045013)              (-22.044857020375503,218.08187111718240)              (86.105616365715832,-978.51482925202913)
               (0.0000000000000000,0.0000000000000000)             (-265.58890958808269,-77.923487263143443)               (321.75214305619966,218.78631320488807)              (-362.39874258140105,121.83877600161168)              (-170.56482316991784,2.4893804185819590)              (-65.997277496019251,249.15367927995248)              (1596.2951124914730,-280.32024757529416)              (-22.021902619576167,218.16384826631119)              (86.272118453780422,-977.93847243963023)
               (0.0000000000000000,0.0000000000000000)             (-265.60650704040796,-77.910439473977704)               (321.73167018324307,218.80648962870691)              (-362.40994815945089,121.86253213565988)              (-170.56516008294503,2.4810574174513249)              (-66.024475388866449,249.23950011281147)              (1596.2950296769914,-280.25395983544149)              (-22.024857719424290,218.24547725832534)              (86.264012726922374,-977.36087147098851)
               (0.0000000000000000,0.0000000000000000)             (-265.38379883295221,-78.753860762751628)               (321.11795097547537,219.91418024928134)              (-361.88423458908403,119.05802167379477)              (-169.98040027353707,1.3347958393469526)              (-65.115490003980085,249.35662630150352)              (1594.2822970086595,-267.56577034270140)              (-21.427159631777840,218.39179843127818)              (80.933889758498481,-981.41110493699989)
               (0.0000000000000000,0.0000000000000000)             (-265.38602365009888,-78.745936798565026)               (321.11757755565014,219.91292112421274)              (-361.88102221669533,119.06520188713921)              (-169.98005256019960,1.3350922635272582)              (-65.083037191345738,249.41712416988540)              (1594.2794960412948,-267.56772297279531)              (-21.382259337309506,218.44223075327704)              (81.269262531312052,-981.01614416449820)
               (0.0000000000000000,0.0000000000000000)             (-265.39436079573267,-78.733602176900376)               (321.11351771868243,219.92595286284973)              (-361.87975154558239,119.08058263202497)              (-169.98143186017091,1.3310898194749825)              (-65.071127048129711,249.48955648981072)              (1594.2911218797713,-267.53712568876654)              (-21.353103886918916,218.50723056297920)              (81.482248901880666,-980.51842167710379)
               (0.0000000000000000,0.0000000000000000)             (-265.40982204217471,-78.720938375210380)               (321.09712818728894,219.94958966149534)              (-361.88564299998018,119.10234549521579)              (-169.98216679440083,1.3225725855984365)              (-65.083324784429351,249.56184505063050)              (1594.2972663974624,-267.47018730709260)              (-21.345374487408890,218.57658180719761)              (81.539061493953341,-979.99273728113144)
               (0.0000000000000000,0.0000000000000000)             (-265.43153275339114,-78.710976975727135)               (321.06337029164274,219.97440666945795)              (-361.90203984888024,119.12574496974594)              (-169.98013158500839,1.3105223505638151)              (-65.115735884241531,249.62174034722338)              (1594.2788136341555,-267.37321876966053)              (-21.357970205275706,218.63850484013383)              (81.449229458525224,-979.52057893357824)
               (0.0000000000000000,0.0000000000000000)             (-265.17185333309129,-79.591926562058461)               (320.44652841183290,221.08600720288655)              (-361.41995102908004,116.25956919182750)             (-169.41613700500397,0.15189932135911022)              (-64.205996999760828,249.82090690178291)              (1591.8580092180500,-254.49815059487355)              (-20.735984582170659,218.75736111715332)              (76.348523957234647,-983.00906248946194)
               (0.0000000000000000,0.0000000000000000)             (-265.17720855083053,-79.580776803188201)               (320.44460693794792,221.09583201744340)              (-361.41700694441136,116.27069334498765)             (-169.41742339883288,0.14886949911090142)              (-64.188576984504834,249.87436696589387)              (1591.8699572935616,-254.47492211684039)              (-20.705172420668077,218.80563431857996)              (76.586433279659104,-982.60696804677627)
               (0.0000000000000000,0.0000000000000000)             (-265.18980115934153,-79.568361370933872)               (320.43259866728602,221.12026882509326)              (-361.41862566160887,116.28851103164993)             (-169.41873925495847,0.14041940324659663)              (-64.189767202504754,249.93155184810792)              (1591.8835747153048,-254.40812273061329)              (-20.690239721393482,218.86111037726101)              (76.692975450327140,-982.15650191875329)
               (0.0000000000000000,0.0000000000000000)             (-265.20863993151875,-79.558756528328331)               (320.40233543583685,221.15187018216102)              (-361.42872580149856,116.30977884288086)             (-169.41731133227245,0.12732266996511044)              (-64.208744644211492,249.98235329384318)              (1591.8745015876411,-254.30219922551623)              (-20.692826843119065,218.91437534513358)              (76.664861140832727,-981.73002718886619)
               (0.0000000000000000,0.0000000000000000)             (-265.23142652647596,-79.553933332268116)               (320.35154394143387,221.17831896462803)              (-361.44871224490521,116.32938825739120)             (-169.41117063219789,0.11162742338694898)              (-64.238943807069518,250.01871153794465)              (1591.8240863699539,-254.17290162579593)              (-20.708829676265395,218.95659292384570)              (76.536504756535578,-981.39072536464676)
               (0.0000000000000000,0.0000000000000000)             (-264.93178616308160,-80.438161925898157)               (319.75077270263955,222.24930681717865)              (-360.91462714446948,113.38926698316084)             (-168.82859053146217,-1.0507398892808624)              (-63.300436111391264,250.23332014450074)              (1588.9963995142252,-241.72911130920875)              (-19.970499464938484,219.06745794802850)              (71.375911556972824,-984.21973157150114)
               (0.0000000000000000,0.0000000000000000)             (-264.94036085991689,-80.426727937898704)               (319.74264856121010,222.27209157446578)              (-360.91362438719648,113.40203635681746)             (-168.83054463133033,-1.0584816788360740)              (-63.294601615191823,250.27671584537003)              (1589.0176914701742,-241.66757042255995)              (-19.951921942176568,219.11013417945549)              (71.515164424143222,-983.85492696803931)
               (0.0000000000000000,0.0000000000000000)             (-264.95563181902224,-80.417237587408636)               (319.71765775817289,222.30711350903357)              (-360.91852250262878,113.41895601608667)             (-168.83022663213256,-1.0721057269962557)              (-63.303437352935816,250.31816473781836)              (1589.0217522022931,-241.55618435224642)              (-19.947192076376723,219.15427491139820)              (71.537190246293903,-983.48940133921883)
               (0.0000000000000000,0.0000000000000000)             (-264.97482985121195,-80.412811504498222)               (319.66968947260767,222.34329920931987)              (-360.93148927440416,113.43625330975055)             (-168.82488567500423,-1.0895957008381174)              (-63.323393643416239,250.35040594500043)              (1588.9832727337762,-241.41040339882056)              (-19.955085059686326,219.19226397332974)              (71.462128961713461,-983.18155412527130)
               (0.0000000000000000,0.0000000000000000)             (-264.99483304487580,-80.413762396754237)               (319.60049766311062,222.36647240432239)              (-360.95208814070452,113.44938332201491)             (-168.81321700695537,-1.1078408499649868)              (-63.347183383193624,250.36940000567338)              (1588.8885829725295,-241.25588536350733)              (-19.970057276479110,219.21841612249324)              (71.336975534964949,-982.97018508799454)
               (0.0000000000000000,0.0000000000000000)             (-264.68379794650940,-81.273252576863570)               (319.06453476486570,223.37799928879394)              (-360.32324495772536,110.52964739887091)             (-168.20786446442918,-2.2298694701755721)              (-62.305035010256688,250.58747146251392)              (1586.1459057403144,-229.45983798827638)              (-19.100556601724975,219.38702155043904)              (66.112402466051208,-985.41026272385625)
               (0.0000000000000000,0.0000000000000000)             (-264.69429877352525,-81.264356217487148)               (319.04510829632221,223.41318148469736)              (-360.32469544884088,110.54114677310326)             (-168.20895089073150,-2.2430874694967997)              (-62.306651678068192,250.62179365268460)              (1586.1652612145090,-229.35106078475746)              (-19.091031706967897,219.42380177342767)              (66.171976055502455,-985.10885645100052)
               (0.0000000000000000,0.0000000000000000)             (-264.70957536978790,-81.259767617871830)               (319.00320644219960,223.45523922580242)              (-360.33183092493186,110.55411135465465)             (-168.20523884701487,-2.2616300542545105)              (-62.318847996305067,250.65078571931684)              (1586.1451190236462,-229.19469585622210)              (-19.092693810730225,219.45803954019732)              (66.141724432940464,-984.83957365403649)
               (0.0000000000000000,0.0000000000000000)             (-264.72578750112291,-81.261000445536865)               (318.93633146656981,223.49052584091123)              (-360.34518417678373,110.56517300148630)             (-168.19458362311519,-2.2822376358697056)              (-62.336650497588835,250.66993970410456)              (1586.0644944872870,-229.01788424339611)              (-19.102468390721242,219.48407578505373)              (66.055196830520799,-984.64172232563419)
               (0.0000000000000000,0.0000000000000000)             (-264.73992431165595,-81.266568245800045)               (318.85098990193404,223.50481038629869)              (-360.36311443309751,110.57109897916212)             (-168.17685342586594,-2.3010485478347391)              (-62.353151468955275,250.67841490890422)              (1585.9195870189237,-228.85390551586624)              (-19.114340512750232,219.49895438684666)              (65.960596991356397,-984.53076073733382)
               (0.0000000000000000,0.0000000000000000)             (-264.44642246034419,-82.100724553677992)               (318.40711357962351,224.47832308220359)              (-359.69734418423468,107.74632087014072)             (-167.58274219000589,-3.3636626912458496)              (-61.184138161921965,250.93810041941430)              (1583.5328998852515,-217.37600467471657)              (-18.172425966730771,219.73764760821928)              (60.963182335018246,-986.74448738679121)
               (0.0000000000000000,0.0000000000000000)             (-264.45670837584544,-82.096062698293053)               (318.37250203162984,224.52224932026638)              (-359.70047392693391,107.75413578923440)             (-167.58120221152836,-3.3820315010498234)              (-61.190415900463449,250.96669426039821)              (1583.5353014733287,-217.22015679769720)              (-18.169358055738712,219.77031534648643)              (60.969210815342194,-986.51070681615192)
               (0.0000000000000000,0.0000000000000000)             (-264.46921479513901,-82.096706653561341)               (318.31259043010010,224.56545624713817)              (-359.70784683261309,107.76142172722302)             (-167.57269804237137,-3.4040651382834994)              (-61.203883631887038,250.98769794293631)              (1583.4776749584266,-217.02913550851554)              (-18.175019645460679,219.79737453535682)              (60.915592732912046,-986.32686654986810)
               (0.0000000000000000,0.0000000000000000)             (-264.47993613272479,-82.102413892888990)               (318.22942745227135,224.59358413961672)              (-359.71892421485961,107.76585321386119)             (-167.55625122251348,-3.4255924459658900)              (-61.218716876239796,250.99894537692347)              (1583.3488497147173,-216.83938511296128)              (-18.184951198307317,219.81494934009993)              (60.840701819701280,-986.21370346966569)
               (0.0000000000000000,0.0000000000000000)             (-264.48679592703525,-82.110296258707194)               (318.13400922327827,224.59449842021741)              (-359.73172148111530,107.76574730243533)             (-167.53320980405124,-3.4425884595152638)              (-61.228676401946132,251.00209248608547)              (1583.1582703830391,-216.68677391408983)              (-18.192980948161448,219.82240721391213)              (60.786879600189422,-986.16844467103942)
               (0.0000000000000000,0.0000000000000000)             (-264.21565114723347,-82.929012550749803)               (317.76381311087027,225.55618472819015)              (-359.09667707296467,105.01736090598081)             (-166.97350746985546,-4.4698526462923382)              (-59.979750957831129,251.31545289403982)              (1580.8938675462332,-205.20862429678982)              (-17.223267544084592,220.07367667042729)              (56.211969275246702,-988.06344434389348)
               (0.0000000000000000,0.0000000000000000)             (-264.22365570537426,-82.928707862618921)               (317.71284591333392,225.60281926600510)              (-359.09995938460156,105.02043826632053)             (-166.96791132683865,-4.4918965708222913)              (-59.989763357999436,251.34146168153848)              (1580.8653673916078,-205.01656568888211)              (-17.225415190167041,220.10410476158449)              (56.186585327279317,-987.88616373855302)
               (0.0000000000000000,0.0000000000000000)             (-264.23154514015465,-82.933374460847517)               (317.63763995132979,225.64046641306368)              (-359.10554215648699,105.02210763748508)             (-166.95413037155839,-4.5150773767632018)              (-60.003894351626286,251.35766630581577)              (1580.7636862302529,-204.81065933591071)              (-17.233846125435775,220.12592858466223)              (56.128366307873875,-987.76678562435063)
               (0.0000000000000000,0.0000000000000000)             (-264.23592283063016,-82.941351543419614)               (317.54456317042172,225.65632056138884)              (-359.11253917035367,105.02125557311911)             (-166.93267237724547,-4.5349652680806685)              (-60.015424475880536,251.36425756151920)              (1580.5911471501290,-204.63094902325793)              (-17.242638825232461,220.13718083585309)              (56.075255542467858,-987.71081097551655)
               (0.0000000000000000,0.0000000000000000)             (-264.23608244051394,-82.949087861711405)               (317.44775961799957,225.64220044537706)              (-359.11935858215713,105.01748615651240)             (-166.90632714091879,-4.5480765116517432)              (-60.018993331026877,251.36506105531566)              (1580.3707527281681,-204.50937149257061)              (-17.245721097793194,220.13945704608977)              (56.062137351362253,-987.70189124911394)
               (0.0000000000000000,0.0000000000000000)             (-263.97616554066906,-83.750226808004527)               (317.11128684846346,226.59405815276023)              (-358.50908914277738,102.28942395034665)             (-166.36570659526728,-5.5706879853428291)              (-58.743877007800847,251.68828549479480)              (1577.8873218876815,-193.10190599054113)              (-16.237597389090524,220.34913602740767)              (51.797501498763268,-989.18839747775246)
               (0.0000000000000000,0.0000000000000000)             (-263.98070943542558,-83.753157938795539)               (317.04682654305907,226.63636179763898)              (-358.51111328498587,102.28832292713992)             (-166.35554814223934,-5.5939250343170670)              (-58.757488686854458,251.71267223738988)              (1577.8207641201334,-192.89497320355167)              (-16.244460699618685,220.37756801467094)              (51.754609068660102,-989.05281066988437)
               (0.0000000000000000,0.0000000000000000)             (-263.98369250675250,-83.759816459228887)               (316.96245133472144,226.66300705201820)              (-358.51374458576652,102.28582711230820)             (-166.33720972605636,-5.6156015292281154)              (-58.771396796529871,251.72492207697485)              (1577.6787900646464,-192.69834225991599)              (-16.254312732749668,220.39427532487957)              (51.702234652733750,-988.97907080455298)
               (0.0000000000000000,0.0000000000000000)             (-263.98266137811231,-83.767822716652063)               (316.86819380496036,226.66430438308453)              (-358.51635573986266,102.28212102900034)             (-166.31267747158816,-5.6316992263214161)              (-58.778306491213698,251.72787603576876)              (1577.4777934821332,-192.54939270788418)              (-16.260008480275019,220.39961596005725)              (51.677173888602738,-988.95903991166233)
               (0.0000000000000000,0.0000000000000000)             (-263.97832567791795,-83.773654215558736)               (316.77911493043484,226.63708026532231)              (-358.51808144817562,102.27721134254875)             (-166.28582396538667,-5.6397857276108425)              (-58.773706566354804,251.72820980439690)              (1577.2513680395691,-192.47110901021733)              (-16.255545335890019,220.39811316752548)              (51.704884599370416,-988.96666587062737)
               (0.0000000000000000,0.0000000000000000)             (-263.72281696514392,-84.545080582700393)               (316.44715181763843,227.56682456394947)              (-357.87805182263014,99.558636200314709)             (-165.73374960627427,-6.6614808364026885)              (-57.486602477483075,252.00869010942512)              (1574.5192108971996,-181.36816055851523)              (-15.189683863458640,220.57052844689008)              (47.508353746006833,-990.17141452999431)
               (0.0000000000000000,0.0000000000000000)             (-263.72431581306012,-84.549287960501033)               (316.37486497067556,227.59921167691300)              (-357.87826076178089,99.555110453599355)             (-165.71959103378589,-6.6833317261409775)              (-57.502664221875875,252.02982939298215)              (1574.4168963280390,-181.16990716915006)              (-15.200097708943986,220.59505360306605)              (47.456962875868157,-990.06895367944844)
               (0.0000000000000000,0.0000000000000000)             (-263.72361831157525,-84.556015016822130)               (316.28986328660000,227.61197793608562)              (-357.87813141940455,99.550922839660871)             (-165.69848872853339,-6.7012705000418009)              (-57.513631041916369,252.03729732013551)              (1574.2485124641480,-181.00421388686573)              (-15.208590537690498,220.60534519072212)              (47.419905997452588,-990.03050820799399)
               (0.0000000000000000,0.0000000000000000)             (-263.71935075001068,-84.562595553792562)               (316.20327343186489,227.59993246930389)              (-357.87745555747904,99.546426879196360)             (-165.67356346791308,-6.7122473385398962)              (-57.512282626892556,252.03742979158858)              (1574.0417694909761,-180.90022373943975)              (-15.207279277932230,220.60500302929665)              (47.431418853936520,-990.03427829008524)
               (0.0000000000000000,0.0000000000000000)             (-263.71308370224779,-84.566198539329889)               (316.12911491320466,227.56457719203036)              (-357.87611740817090,99.542174998238352)             (-165.64904333476102,-6.7153795825909128)              (-57.496185895681720,252.03975460967797)              (1573.8345093491207,-180.86661591676875)              (-15.191402169609319,220.60173565089417)              (47.507375040036095,-990.04424910338548)
               (0.0000000000000000,0.0000000000000000)             (-263.46408473326699,-85.302168047550140)               (315.78519430287332,228.47039830736458)              (-357.17848427673857,96.870371381789255)             (-165.07338474565694,-7.7216383565682918)              (-56.193659525855537,252.26704198319635)              (1571.0521704702614,-170.06796364242928)              (-14.095138717402961,220.77511605023915)              (43.252374116254032,-991.20578735409572)
               (0.0000000000000000,0.0000000000000000)             (-263.46391314406333,-85.306220640368792)               (315.71249150237736,228.48994732874780)              (-357.17748453260265,96.866511081328781)             (-165.05677093684045,-7.7399583953030060)              (-56.208767816274076,252.28201078648209)              (1570.9257281581413,-169.89919981372714)              (-14.106124693237234,220.79261484687277)              (43.204010840921001,-991.13738541050725)
               (0.0000000000000000,0.0000000000000000)             (-263.46161905974895,-85.311906470972644)               (315.63480223825195,228.48954214925152)              (-357.17591038164585,96.862484588601092)             (-165.03527533795216,-7.7529092725077362)              (-56.212018747434968,252.28402869853551)              (1570.7510261192006,-169.77777505974063)              (-14.108698564967199,220.79529235564769)              (43.197912153694233,-991.13061855065871)
               (0.0000000000000000,0.0000000000000000)             (-263.45656021061478,-85.316710694422682)               (315.56261880151624,228.46824756604292)              (-357.17388763756605,96.858775170142053)             (-165.01253377178975,-7.7587751782140231)              (-56.197779572574063,252.28329614669167)              (1570.5615198484329,-169.72052386535961)              (-14.095558823657257,220.79059986995355)              (43.262619081760931,-991.14817977966823)
               (0.0000000000000000,0.0000000000000000)             (-263.45077260886740,-85.318565342201509)               (315.50706420297126,228.43114276232609)              (-357.17170925876974,96.855868375102318)             (-164.99248953736216,-7.7580778891206137)              (-56.167153468715469,252.29164429404699)              (1570.3929761441395,-169.72277241768006)              (-14.064651544336130,220.78919988684834)              (43.400732264794897,-991.14432428700047)
               (0.0000000000000000,0.0000000000000000)             (-263.20787005920431,-86.026379637999980)               (315.13230581043842,229.32551608154063)              (-356.43849895954327,94.256508676266094)             (-164.40212932522564,-8.7442592757709008)              (-54.872061568879190,252.48936480946043)              (1567.6342433271866,-158.97330583858184)              (-13.004148516312398,220.97768761724990)              (39.077720663507534,-992.37791090785868)
               (0.0000000000000000,0.0000000000000000)             (-263.20795577216052,-86.029622167775642)               (315.06613118710703,229.33246690124088)              (-356.43774993561556,94.253856360849795)             (-164.38506491313495,-8.7578842948598776)              (-54.880698614784478,252.49605124305390)              (1567.5005380897896,-158.84640087047956)              (-13.010810573796334,220.98563248444020)              (39.051996985376718,-992.34942715763464)
               (0.0000000000000000,0.0000000000000000)             (-263.20610120997378,-86.034176065822749)               (315.00163082140614,229.32222481167582)              (-356.43651782375912,94.251014139133304)             (-164.36543549541074,-8.7657637572350495)              (-54.870714963728233,252.49384463015133)              (1567.3397103001507,-158.77174800314242)              (-13.002075486063177,220.98122523892516)              (39.100080104987683,-992.36992915047267)
               (0.0000000000000000,0.0000000000000000)             (-263.20209075202933,-86.037712611005418)               (314.94714221086645,229.29712115590110)              (-356.43497029429682,94.248482031314325)             (-164.34676847982877,-8.7674963835254403)              (-54.839953326596515,252.49620943374123)              (1567.1848856739052,-158.75351067290558)              (-12.973026237687236,220.97557181749914)              (39.238491822842661,-992.38604975230191)
               (0.0000000000000000,0.0000000000000000)             (-263.19810102559239,-86.038775288729312)               (314.91008402469691,229.26412535190093)              (-356.43349510341704,94.246726419521110)             (-164.33220481435546,-8.7646520528601286)              (-54.794280497366799,252.51571155528086)              (1567.0644610177815,-158.77678124923023)              (-12.925736933974804,220.98109875541343)              (39.450938460281577,-992.34542940672054)
               (0.0000000000000000,0.0000000000000000)             (-262.95065780963932,-86.729111481101882)               (314.47723471313657,230.15736671300920)              (-355.69387096463538,91.699769909171209)             (-163.73422011492289,-9.7447358125883738)              (-53.558079174104023,252.69770552397483)              (1564.1531579143202,-147.86855502279468)              (-11.952286086727781,221.15871993630287)              (34.992626478579950,-993.59389004722470)
               (0.0000000000000000,0.0000000000000000)             (-262.95254163231164,-86.731807411473937)               (314.42232920067130,230.15440605725735)              (-355.69495270114385,91.698798317639557)             (-163.71854812130522,-9.7535995828657178)              (-53.554242533475872,252.69656748046282)              (1564.0287419496476,-147.78555339997092)              (-11.949008573376659,221.15688052548342)              (35.016775891877842,-993.60731629687643)
               (0.0000000000000000,0.0000000000000000)             (-262.95232407934077,-86.735810415910009)               (314.37359531493246,230.13887857727332)              (-355.69542950435846,91.697102910832427)             (-163.70234893596455,-9.7572728264428861)              (-53.527039638688393,252.69386868764968)              (1563.8964432382782,-147.75066759944548)              (-11.924662396306985,221.14844370609558)              (35.144026176429179,-993.64230955678840)
               (0.0000000000000000,0.0000000000000000)             (-262.95009756001798,-86.738793151158688)               (314.33651403035833,230.11496072112232)              (-355.69528909775840,91.695378483649847)             (-163.68857327002215,-9.7563786431726385)              (-53.479307237364992,252.70459050279101)              (1563.7841730159935,-147.75785564375201)              (-11.878380019004226,221.14689952003903)              (35.370877991707857,-993.63304015909216)
               (0.0000000000000000,0.0000000000000000)             (-262.94813842892700,-86.739666715322073)               (314.31493054290939,230.08990019577277)              (-355.69491642798846,91.694331292020706)             (-163.67932242152324,-9.7530342002988846)              (-53.421946402159392,252.73971445921359)              (1563.7102679438867,-147.78681789869097)              (-11.817057663729656,221.16441451709841)              (35.657479897635312,-993.52808443817776)
               (0.0000000000000000,0.0000000000000000)             (-262.68336376826068,-87.416301370683186)               (313.80394590096205,230.97922944254651)              (-354.94532693523570,89.161249904508054)             (-163.06568370917751,-10.742349820132176)              (-52.284949461006818,252.88767397770926)              (1560.4397175586437,-136.76322214555057)              (-10.934361192643792,221.29823933639386)              (30.866773559181638,-994.71723360993110)
               (0.0000000000000000,0.0000000000000000)             (-262.68757010802489,-87.419218344530464)               (313.76204065015412,230.97009663639028)              (-354.94914400966809,89.161518242772445)             (-163.05259507876701,-10.747230850539722)              (-52.264451304126624,252.88216912995654)              (1560.3359271919689,-136.71757349903328)              (-10.916765613512780,221.28933399619871)              (30.968267150114116,-994.76309264050860)
               (0.0000000000000000,0.0000000000000000)             (-262.68910634354881,-87.423200449735759)               (313.72844763789089,230.95345802117481)              (-354.95165469152175,89.160302608570646)             (-163.04042263540117,-10.748033844150996)              (-52.219603632144981,252.88430426170441)              (1560.2381499021249,-136.71011671281394)              (-10.875500765808738,221.28188304429091)              (31.190814050807603,-994.78894367544945)
               (0.0000000000000000,0.0000000000000000)             (-262.68838900264723,-87.425891103976028)               (313.70601497104758,230.93394018321578)              (-354.95269866276044,89.158917838979505)             (-163.03133840625412,-10.745956322860934)              (-52.158780888295496,252.90798052678429)              (1560.1666264352798,-136.72897474735601)              (-10.814695328369908,221.28958088224886)              (31.505094456480947,-994.72505846005515)
               (0.0000000000000000,0.0000000000000000)             (-262.68805404269472,-87.426375024716435)               (313.69551649402626,230.91812733746406)              (-354.95285302262698,89.158550639280747)             (-163.02640590949730,-10.743288266025502)              (-52.096621210887406,252.96040516059634)              (1560.1295464084337,-136.75232353720639)              (-10.745366914764418,221.32215277609237)              (31.846506557226348,-994.53231158861945)
               (0.0000000000000000,0.0000000000000000)             (-262.40213449649423,-88.088362094188142)               (313.10712756974368,231.79535893989578)              (-354.16712513589641,86.624808202728559)             (-162.38406105603462,-11.741810336502567)              (-51.055415646446590,253.04594806364867)              (1556.4975275317356,-125.79151099533010)              (-9.9256749020366897,221.40671275267619)              (26.527486889381180,-995.71017873839446)
               (0.0000000000000000,0.0000000000000000)             (-262.40804554307471,-88.092128994650693)               (313.07727316032299,231.78342641648032)              (-354.17343818448194,86.625064697493144)             (-162.37391962083552,-11.743870372859419)              (-51.017758578575013,253.04143732756904)              (1556.4182300848488,-125.77225799182634)              (-9.8924112473912373,221.39567032081243)              (26.723233401990910,-995.76592047358918)
               (0.0000000000000000,0.0000000000000000)             (-262.41035062567528,-88.096300954120579)               (313.05607067973210,231.76842686013424)              (-354.17715726176084,86.623714485645678)             (-162.36550694886972,-11.743111942937162)              (-50.959168938627499,253.05334319734538)              (1556.3527145124590,-125.77948638645285)              (-9.8368608011783181,221.39450701074395)              (27.038697117147422,-995.75292910719327)
               (0.0000000000000000,0.0000000000000000)             (-262.41038368613778,-88.098165025859998)               (313.04405238508173,231.75472879562403)              (-354.17830517728748,86.622713131414798)             (-162.36018791532294,-11.741032665012767)              (-50.892360189046940,253.09214282100572)              (1556.3131473557628,-125.79836121923381)              (-9.7675527441585928,221.41487631570033)              (27.416734781594641,-995.61035114871629)
               (0.0000000000000000,0.0000000000000000)             (-262.41126011140057,-88.097288949778431)               (313.04033820021698,231.74749367602340)              (-354.17803918199888,86.623736913961466)             (-162.35825892132107,-11.739618970750826)              (-50.834018076258644,253.15933605276041)              (1556.2999632654733,-125.81059849385019)              (-9.6984976459561949,221.46201959656514)              (27.776560804304609,-995.32113717507855)
               (0.0000000000000000,0.0000000000000000)             (-262.11046586946543,-88.748658005406014)               (312.39201523138263,232.61306579446955)              (-353.34465319873402,84.103574693707060)             (-161.68557320131669,-12.735436387611799)              (-49.848409839904662,253.17681752240139)              (1552.4822104825507,-114.98944110085085)              (-8.9156885736033473,221.51631081458049)              (21.903454376008085,-996.61434883179209)
               (0.0000000000000000,0.0000000000000000)             (-262.11668041484256,-88.753239579002184)               (312.37170298087443,232.60050277891878)              (-353.35211577219127,84.103091958348500)             (-161.67806417002186,-12.735767993509739)              (-49.797318921283932,253.17852925388740)              (1552.4246934444905,-114.98579008589968)              (-8.8691765796534128,221.50854343068022)              (22.191149481413049,-996.65004059088187)
               (0.0000000000000000,0.0000000000000000)             (-262.11866636429681,-88.756770167006152)               (312.35943357527486,232.58830727565237)              (-353.35550264768256,84.101617125612847)             (-161.67264241735325,-12.734409168332149)              (-49.732301838146213,253.20272770866052)              (1552.3840993929675,-114.99811913362373)              (-8.8053922162957861,221.51732972979596)              (22.575284192642357,-996.57241346071532)
               (0.0000000000000000,0.0000000000000000)             (-262.11886022803208,-88.756621438103593)               (312.35418280937790,232.58018035719238)              (-353.35550144306728,84.101803372412860)             (-161.67001252863719,-12.732894665376193)              (-49.668366736165126,253.25472874010347)              (1552.3658911235234,-115.01154079989919)              (-8.7358306911264663,221.55040941971743)              (22.977166983251664,-996.34137576234934)
               (0.0000000000000000,0.0000000000000000)             (-262.12101199591041,-88.753128221384486)               (312.35384374370926,232.58002488786724)              (-353.35421434203704,84.105506065120835)             (-161.66989461301074,-12.732880190916376)              (-49.621045001988250,253.33050841162708)              (1552.3650627073139,-115.01176242071688)              (-8.6747313532873704,221.60808605402701)              (23.309693111695196,-995.96967124167941)
