 -2  5      -1  2 -3       0  1 -2     1 -2  3    -2  3 -4
               (0.0000000000000000,0.0000000000000000)             (-255.70346451073556,-268.37921865421475)               (224.77744090799888,472.88596943585628)             (-281.87847470440852,-38.083567152343676)             (-114.47639500207185,-55.628675632003706)              (-96.173557384050582,569.38476028014725)               (1172.8910171834277,329.84525663408022)               (10.522111457753908,493.41196296444764)             (-103.42333653460992,-2209.6886629377450)
               (0.0000000000000000,0.0000000000000000)             (-255.70147014402414,-268.39964916475668)               (224.79438022716022,472.86743860386747)             (-281.88545990124089,-38.104155079034854)             (-114.47387085804564,-55.621961697380357)              (-96.167895051572032,569.40265944597058)               (1172.8369506646768,329.75825455697122)               (10.528156910180769,493.42388867182444)             (-103.37480604809753,-2209.6009875526324)
               (0.0000000000000000,0.0000000000000000)             (-255.69534803722445,-268.41854089626838)               (224.81570298301540,472.85879134866190)             (-281.88675306299911,-38.124749737737829)             (-114.47353636519131,-55.616028329608241)              (-96.165975444921969,569.44397449260350)               (1172.8103824867985,329.66321560275992)               (10.533919315391131,493.45165014862414)             (-103.32757843464333,-2209.4044956686830)
               (0.0000000000000000,0.0000000000000000)             (-255.68658695274576,-268.43210332773288)               (224.83421324333631,472.85946614479400)             (-281.88366659230269,-38.141062386144768)             (-114.47476735686303,-55.611943018536351)              (-96.179266390692874,569.50420108995809)               (1172.8126737270641,329.57983177124424)               (10.531402492992584,493.49254474619966)             (-103.34147727939398,-2209.1217802757155)
               (0.0000000000000000,0.0000000000000000)             (-255.67970252369696,-268.43817723768376)               (224.84597628928850,472.86457283712025)             (-281.87972457377759,-38.149848813856352)             (-114.47643458996879,-55.610018155018963)              (-96.214736453098567,569.57276571757689)               (1172.8322263983155,329.52423604153500)               (10.515414089849173,493.54012771894838)             (-103.45269821626971,-2208.8075917216506)
               (0.0000000000000000,0.0000000000000000)             (-255.32317661588900,-268.48304382686274)               (224.18367289929802,472.92769600166173)             (-281.71200772149587,-39.511657734632308)             (-114.21184182862009,-56.232341258275909)              (-92.310994103004305,568.83592429566306)               (1169.3561905187989,337.05886816244447)               (12.912284312203610,491.64585533575314)             (-112.83041564439191,-2201.0659049237302)
               (0.0000000000000000,0.0000000000000000)             (-255.31794529460512,-268.50152191830369)               (224.20379080682369,472.91139668876195)             (-281.71482114637229,-39.532047236721382)             (-114.21038916378086,-56.225050947117040)              (-92.307523998237684,568.86216220803635)               (1169.3203177972755,336.96789748036008)               (12.917936621995977,491.66418740953168)             (-112.78276541444848,-2200.9294825173629)
               (0.0000000000000000,0.0000000000000000)             (-255.30980983268978,-268.51682654241591)               (224.22569620586091,472.90595068543496)             (-281.71232932981388,-39.550009540033898)             (-114.21087622238019,-56.219164991635353)              (-92.313952326434674,568.90717822272700)               (1169.3114838707861,336.87851771847090)               (12.918628816271621,491.69563532044731)             (-112.76873224567407,-2200.6972784016989)
               (0.0000000000000000,0.0000000000000000)             (-255.30130782544688,-268.52603166665585)               (224.24237021086810,472.90889619390111)             (-281.70734581787246,-39.561886770679621)             (-114.21241515017607,-56.215448078906491)              (-92.338595834304442,568.96347650151233)               (1169.3253346901065,336.80835219030723)               (12.908508677521240,491.73525188628810)             (-112.83434822001254,-2200.4081542917411)
               (0.0000000000000000,0.0000000000000000)             (-255.29722458247443,-268.52860134863045)               (224.25104662269632,472.91423843660118)             (-281.70441535078794,-39.565932858966789)             (-114.21386101030191,-56.213888154099095)              (-92.384136598379200,569.01982006210278)               (1169.3467543697743,336.76883324056234)               (12.885262589103604,491.77600001386350)             (-112.99685938310085,-2200.1221845010614)
               (0.0000000000000000,0.0000000000000000)             (-254.86884304279624,-268.34407723691601)               (223.61081136839221,472.60604558409977)             (-281.02895822166056,-40.907388761115499)             (-113.73319712967611,-56.746253712536543)              (-88.407434238835094,567.14128328304241)               (1166.3771861802306,341.81972204081603)               (16.307951202648837,489.75062729187357)             (-126.67037476695896,-2191.7964484350014)
               (0.0000000000000000,0.0000000000000000)             (-254.86112311264742,-268.35977124088663)               (223.63370077410673,472.59212113411206)             (-281.02805770813393,-40.926022890615513)             (-113.73296396051705,-56.738493420188206)              (-88.409084748543364,567.17236939607756)               (1166.3588791354177,341.72772706212345)               (16.310758788008570,489.77350796122096)             (-126.64148125458814,-2191.6245887082296)
               (0.0000000000000000,0.0000000000000000)             (-254.85242125549507,-268.37101059475066)               (223.65606657964963,472.58935179399771)             (-281.02316718379006,-40.940329288997418)             (-113.73440149435760,-56.732634782569221)              (-88.424084817253970,567.21632497453493)               (1166.3655544294334,341.64522613954523)               (16.305728572514681,489.80565488674779)             (-126.66981866324568,-2191.3803321490277)
               (0.0000000000000000,0.0000000000000000)             (-254.84565020294940,-268.37630526322550)               (223.67089913539894,472.59375885387794)             (-281.01821410095795,-40.947672663149206)             (-113.73633213496134,-56.729315468256743)              (-88.457243416876736,567.26422302184710)               (1166.3874722609253,341.58865303415496)               (16.289446363211937,489.84099666478539)             (-126.78394725566795,-2191.1113193176689)
               (0.0000000000000000,0.0000000000000000)             (-254.84539955357036,-268.37660792545717)               (223.67691627682552,472.59840752140161)             (-281.01807708039655,-40.948046111142503)             (-113.73760473348500,-56.728153863923183)              (-88.507124333549882,567.30576345910686)               (1166.4068765228512,341.56366578697452)               (16.262441167339830,489.87296864784935)             (-126.97944729984283,-2190.8753542543636)
               (0.0000000000000000,0.0000000000000000)             (-254.62103634870368,-268.14281618542225)               (223.35580956900776,472.29061868924862)             (-280.36101464579497,-41.857047931897796)             (-113.32641778469804,-57.068569531001799)              (-83.584778839723867,565.42775830609389)               (1165.4437185675724,347.02263268519891)               (19.774044086686217,488.68780239570037)             (-140.95037937375673,-2186.3707244099096)
               (0.0000000000000000,0.0000000000000000)             (-254.61215340615604,-268.15487191662902)               (223.38146340326330,472.27904435799849)             (-280.35731287492990,-41.872796871802620)             (-113.32757307934685,-57.060365517453249)              (-83.592340920573633,565.46026114072470)               (1165.4423633767665,346.93080818133240)               (19.772944689276073,488.71326615452972)             (-140.95251821998136,-2186.1809684111668)
               (0.0000000000000000,0.0000000000000000)             (-254.60415504489652,-268.16225775634359)               (223.40360737281480,472.27879491025072)             (-280.35158875740558,-41.882879004053621)             (-113.32997657347141,-57.054777463590995)              (-83.614671290108845,565.49967388844766)               (1165.4620315271686,346.85785463674529)               (19.762432595151949,488.74396633740412)             (-141.02282157725585,-2185.9470388550135)
               (0.0000000000000000,0.0000000000000000)             (-254.60023696851044,-268.16449481321047)               (223.41629755314125,472.28392459156822)             (-280.34830969410518,-41.886107735001133)             (-113.33222544017599,-57.051945561106493)              (-83.652895206276980,565.53700841795580)               (1165.4880172238245,346.81477779002216)               (19.741745619643098,488.77360955104621)             (-141.17251097554254,-2185.7179131358935)
               (0.0000000000000000,0.0000000000000000)             (-254.60417953597130,-268.16393299163713)               (223.41981342642066,472.28682545127214)             (-280.35201046572411,-41.884513993923520)             (-113.33312439270981,-57.051285379333308)              (-83.702540086782847,565.56400225355173)               (1165.5008059555648,346.80272816726483)               (19.713536083797635,488.79687039485520)             (-141.38103009185397,-2185.5419837846316)
               (0.0000000000000000,0.0000000000000000)             (-254.42323181453139,-268.11461726743636)               (223.09266115500122,472.23331638132981)             (-280.06246531725469,-42.814528169577443)             (-113.07820134420240,-57.446468299646341)              (-78.811680028731416,564.46728591640772)               (1164.0281727103829,353.98775429687157)               (22.456045737652857,487.66462421276788)             (-151.84008364640249,-2181.3985347578055)
               (0.0000000000000000,0.0000000000000000)             (-254.41459606145031,-268.12277771871481)               (223.12062369225168,472.22447514756266)             (-280.05720620965212,-42.826384004217971)             (-113.08087390184426,-57.438103708928338)              (-78.825437151183678,564.49872895842554)               (1164.0430568913762,353.89874887311180)               (22.450186019641478,487.69122510156080)             (-151.87599190600122,-2181.2081884131976)
               (0.0000000000000000,0.0000000000000000)             (-254.40855548954141,-268.12674689301991)               (223.14184917165494,472.22639496506758)             (-280.05215106966170,-42.832345993292392)             (-113.08414015193625,-57.433043210681490)              (-78.853532469436004,564.53179352630104)               (1164.0723963627734,353.83715557821506)               (22.434654231627064,487.71928266685086)             (-151.98086696954397,-2181.0012244327854)
               (0.0000000000000000,0.0000000000000000)             (-254.40803522209558,-268.12706960411498)               (223.15167718133989,472.23137322309094)             (-280.05169872242550,-42.832852347133212)             (-113.08636649295397,-57.431031777373789)              (-78.894048898290293,564.55836731123554)               (1164.0972660934221,353.80905726256515)               (22.410912741110224,487.74296562605775)             (-152.15023823302363,-2180.8220416416707)
               (0.0000000000000000,0.0000000000000000)             (-254.41578058993832,-268.12696513393672)               (223.15212585136806,472.23151369962591)             (-280.05930673113335,-42.830859634224907)             (-113.08643166666559,-57.430924265707063)              (-78.940446670894517,564.57276000998513)               (1164.0978888225309,353.80757332507619)               (22.383123845815362,487.75854651581506)             (-152.35286962538339,-2180.7057685582627)
               (0.0000000000000000,0.0000000000000000)             (-254.06976433866566,-268.12362705735649)               (222.59032304863376,472.15545409471918)             (-279.74580581105079,-44.091923517689793)             (-112.77470791919461,-57.961330086280299)              (-74.790736720807899,563.45580356887467)               (1160.9162754394938,360.56100427877664)               (25.009245144152374,485.92617025351115)             (-162.25401522161610,-2173.4783177839017)
               (0.0000000000000000,0.0000000000000000)             (-254.06263434154789,-268.12826134841652)               (222.61946722064931,472.14993124381738)             (-279.74039486742640,-44.099649297948645)             (-112.77885627760759,-57.953332193892948)              (-74.810546464183517,563.48477431181163)               (1160.9455378692919,360.47882230453615)               (24.998137945224244,485.95301751666216)             (-162.32129282373990,-2173.2995475724410)
               (0.0000000000000000,0.0000000000000000)             (-254.05925073763683,-268.12977730652227)               (222.63841732922901,472.15360913779580)             (-279.73720419229130,-44.102247335139737)             (-112.78262035277737,-57.949209073534462)              (-74.843214571418684,563.51088942527713)               (1160.9796422310264,360.43107970373921)               (24.977868162823142,485.97794193361915)             (-162.45037272193713,-2173.1275823671831)
               (0.0000000000000000,0.0000000000000000)             (-254.06198841922651,-268.12941328393964)               (222.64441478387880,472.15721483576840)             (-279.73995924098790,-44.101426682273086)             (-112.78426128207821,-57.948120379364639)              (-74.884294989544742,563.52752080323148)               (1160.9969899244234,360.41684971834457)               (24.951804639778402,485.99599467359883)             (-162.62483488635735,-2172.9984874667953)
               (0.0000000000000000,0.0000000000000000)             (-254.07248743010018,-268.13075048362555)               (222.64170398445731,472.15290310374621)             (-279.75070890923826,-44.100849088808673)             (-112.78287042348734,-57.948404856323918)              (-74.925998736916654,563.53177501295886)               (1160.9797099037669,360.42183465376593)               (24.925132473422536,486.00519438064748)             (-162.80819850768239,-2172.9330830001904)
               (0.0000000000000000,0.0000000000000000)             (-253.66932622093327,-267.98724600210534)               (222.07001762200434,471.85035047896872)             (-279.12623305733155,-45.366400772868019)             (-112.33573616505839,-58.434232958598045)              (-70.874170816261312,561.75950171039290)               (1157.9108752462416,365.62867311470518)               (28.110928252092663,484.01009502282250)             (-175.31179155803420,-2164.9609244381718)
               (0.0000000000000000,0.0000000000000000)             (-253.66448885672253,-267.98924999219628)               (222.09847318178163,471.84851804772950)             (-279.12191806758551,-45.370475981527989)             (-112.34100870376051,-58.427240358955601)              (-70.900028127051428,561.78524046459142)               (1157.9507188426278,365.55799279914663)               (28.093961244479488,484.03668998321200)             (-175.40669392176824,-2164.7989792302114)
               (0.0000000000000000,0.0000000000000000)             (-253.66378466561582,-267.98946633448969)               (222.11346393326721,471.85307142630472)             (-279.12119931815073,-45.370971909551372)             (-112.34462592729437,-58.424383392842628)              (-70.936528608916433,561.80431099661337)               (1157.9831051445462,365.52573522913508)               (28.068887920738007,484.05824840457080)             (-175.55174764516687,-2164.6621372576683)
               (0.0000000000000000,0.0000000000000000)             (-253.66895643456792,-267.98941767022819)               (222.11477787036756,471.85362540165488)             (-279.12671823756455,-45.370405806521376)             (-112.34495406101985,-58.424146613028711)              (-70.977148629468275,561.81204457635749)               (1157.9861455573209,365.52294034024044)               (28.040756032292620,484.07102202354690)             (-175.72218337447976,-2164.5765701193877)
               (0.0000000000000000,0.0000000000000000)             (-253.68070743433668,-267.99259146441238)               (222.10912618767998,471.84307192710617)             (-279.13904132485686,-45.372456295152688)             (-112.34151948468389,-58.424376582872810)              (-71.013545214262876,561.80847819943392)               (1157.9464799911430,365.52837368312339)               (28.015423250482172,484.07490087983422)             (-175.88034083279763,-2164.5495547147984)
               (0.0000000000000000,0.0000000000000000)             (-253.38425918020425,-267.78829344038752)               (221.71422360967608,471.49820773627891)             (-278.46445974597395,-46.372038742353652)             (-111.90943710836768,-58.786754316340705)              (-66.471014731344894,559.89616667128826)               (1156.0734364617228,370.71042146953187)               (31.342135257345262,482.54418694190281)             (-189.21057102764826,-2158.6758975792591)
               (0.0000000000000000,0.0000000000000000)             (-253.38181337078299,-267.78879522947568)               (221.73960230516514,471.49980845935784)             (-278.46196298610607,-46.373547572513758)             (-111.91514830074630,-58.781326795903453)              (-66.503120239648297,559.91808901511263)               (1156.1179292881125,370.65552394211909)               (31.318487711886064,482.56993550890229)             (-189.33188406702993,-2158.5314993011780)
               (0.0000000000000000,0.0000000000000000)             (-253.38312647381122,-267.78870513243641)               (221.74902413868449,471.50371554726337)             (-278.46353719002741,-46.373391878853454)             (-111.91778927634846,-58.779822525108074)              (-66.542753173514711,559.93005751668966)               (1156.1411914625705,370.63857443937468)               (31.288564951376884,482.58760912653497)             (-189.48992493069454,-2158.4263569055283)
               (0.0000000000000000,0.0000000000000000)             (-253.38943487474512,-267.78946039671052)               (221.74533469894641,471.49920065966012)             (-278.47060155022905,-46.374325084757629)             (-111.91610075090739,-58.780064761893584)              (-66.582065091929280,559.92985684668679)               (1156.1240138167077,370.64254738648606)               (31.258668482209032,482.59510103245282)             (-189.65294526924936,-2158.3764018591055)
               (0.0000000000000000,0.0000000000000000)             (-253.40084207160021,-267.79416543015589)               (221.73767722059483,471.48076658051400)             (-278.48248605268964,-46.379431727081965)             (-111.91026563141486,-58.779554870316190)              (-66.612715697455542,559.92059299179232)               (1156.0600955063319,370.64095166562129)               (31.235101744115354,482.59438793115908)             (-189.78523826023411,-2158.3763012841900)
               (0.0000000000000000,0.0000000000000000)             (-253.15289845802090,-267.67594322993608)               (221.37338307525533,471.27480730896832)             (-278.01151942038405,-47.317340364745291)             (-111.57438807843209,-59.143784387052619)              (-61.968963194230355,558.42643901493989)               (1154.1563904872983,376.86878326728083)               (34.129483320984036,481.22229106081090)             (-201.34167656255249,-2153.2586127030272)
               (0.0000000000000000,0.0000000000000000)             (-253.15228066212785,-267.67593250442371)               (221.39325107902414,471.27869541755865)             (-278.01083532504640,-47.317608157239306)             (-111.57961160156242,-59.140225969912478)              (-62.007439719664717,558.44367575100273)               (1154.1977769756295,376.83216778959741)               (34.098522559544563,481.24601228294728)             (-201.49109544901876,-2153.1322167500493)
               (0.0000000000000000,0.0000000000000000)             (-253.15450411679217,-267.67607145762014)               (221.39607451065785,471.27986500383645)             (-278.01380457348387,-47.318008533749548)             (-111.58043986622681,-59.139825036999156)              (-62.049691720737428,558.44831393866707)               (1154.2047485787061,376.82772005690413)               (34.063832276149014,481.25886782790394)             (-201.66040095204789,-2153.0566953102580)
               (0.0000000000000000,0.0000000000000000)             (-253.16049346879595,-267.67757700164998)               (221.38795542255457,471.26827737088797)             (-278.02076672429894,-47.321011154883649)             (-111.57625943316384,-59.139891408767198)              (-62.086393136743709,558.44114735107974)               (1154.1638347634826,376.83168657082206)               (34.033299322517450,481.26083654956710)             (-201.81543626986968,-2153.0363452315305)
               (0.0000000000000000,0.0000000000000000)             (-253.17028499677940,-267.68292797145972)               (221.38003038782244,471.24096270103939)             (-278.03029403355276,-47.328837981209972)             (-111.56806199809478,-59.137846813000323)              (-62.110696254370623,558.42841413159613)               (1154.0776229933281,376.81523598723516)               (34.012588520011150,481.25635753002416)             (-201.92219264642063,-2153.0540564082175)
               (0.0000000000000000,0.0000000000000000)             (-252.83786931162194,-267.61470250059620)               (220.87643031567950,471.07313308919970)             (-277.61074157860276,-48.444179918830059)             (-111.22938722498009,-59.587652668280782)              (-57.875747955689349,557.07922265953016)               (1151.1267072846340,383.13666792745744)               (36.694691387456487,479.52128954618252)             (-212.61482702234753,-2146.2760387032522)
               (0.0000000000000000,0.0000000000000000)             (-252.83812665827600,-267.61475309035632)               (220.88897383500489,471.07729616786423)             (-277.61122920201615,-48.444337925244440)             (-111.23314619899122,-59.585873809210739)              (-57.920002358802776,557.09046371288059)               (1151.1567167580051,383.11763307072533)               (36.656629684478276,479.54120098689623)             (-212.79417986192220,-2146.1709536827184)
               (0.0000000000000000,0.0000000000000000)             (-252.84010457674117,-267.61510101661804)               (220.88523575827867,471.07343688421849)             (-277.61430246114264,-48.445925943343013)             (-111.23154413011866,-59.585982362736729)              (-57.963094469776706,557.08755948477074)               (1151.1422712522135,383.12003492473559)               (36.618694710739646,479.54811264750924)             (-212.97372370559970,-2146.1253455622691)
               (0.0000000000000000,0.0000000000000000)             (-252.84486506567623,-267.61653469309215)               (220.87430646795292,471.05333750732041)             (-277.61956050922004,-48.450786739414866)             (-111.22481185307436,-59.585056182298075)              (-57.995788350876865,557.07479655703219)               (1151.0779896337162,383.11615463928547)               (36.589197442184059,479.54476620229798)             (-213.11661569091757,-2146.1307732328733)
               (0.0000000000000000,0.0000000000000000)             (-252.85237254259300,-267.62137400220809)               (220.86843949751801,471.01728529700301)             (-277.62533663128056,-48.459952516982412)             (-111.21476713175366,-59.580779038707391)              (-58.012851771012265,557.06132286647949)               (1150.9757351343496,383.07854454667222)               (36.573102590266672,479.53802578604927)             (-213.19682838927565,-2146.1576179660369)
               (0.0000000000000000,0.0000000000000000)             (-252.45182609269796,-267.48821176354272)               (220.29326737369911,470.74229022579743)             (-277.03742837238610,-49.649485337834449)             (-110.79275608659589,-60.042423995441055)              (-53.999818807365727,555.39653536173955)               (1147.7204655740943,388.54099477161617)               (39.529181275117253,477.57852201506307)             (-225.19207151721730,-2138.2197049271081)
               (0.0000000000000000,0.0000000000000000)             (-252.45197312406572,-267.48839646487863)               (220.29787084673262,470.74423517920127)             (-277.03808836634971,-49.650168781241405)             (-110.79426562251547,-60.041911889106160)              (-54.047948113838402,555.40041065730111)               (1147.7323918509392,388.53522162983199)               (39.485531043268338,477.59267674896842)             (-225.39953143786624,-2138.1424311528535)
               (0.0000000000000000,0.0000000000000000)             (-252.45284920722611,-267.48849599072287)               (220.28885299315834,470.73344255366544)             (-277.03998867507926,-49.652892781452920)             (-110.79002857271178,-60.041709574915217)              (-54.089246591357778,555.39035116919104)               (1147.6950932339341,388.53695498838442)               (39.446890234348984,477.59305313713912)             (-225.58335097379404,-2138.1284302434078)
               (0.0000000000000000,0.0000000000000000)             (-252.45580260010479,-267.48908357376405)               (220.27752235694516,470.70448233009154)             (-277.04239433124371,-49.658759875414148)             (-110.78117127091605,-60.039027465178805)              (-54.115712985360233,555.37424948067701)               (1147.6121841314234,388.51817959991513)               (39.421107274920132,477.58547673189787)             (-225.70797797351770,-2138.1546328273835)
               (0.0000000000000000,0.0000000000000000)             (-252.46102041023255,-267.49236676266088)               (220.27605952725344,470.66120367624353)             (-277.04386593278196,-49.667886031549870)             (-110.77018422490698,-60.032143587002793)              (-54.125537393884997,555.36346820607173)               (1147.5034264042006,388.45648232044414)               (39.410855615015862,477.57905163240002)             (-225.75680047101832,-2138.1801769210688)
               (0.0000000000000000,0.0000000000000000)             (-252.09082233493450,-267.29736500431744)               (219.75777204844144,470.32792534856299)             (-276.35065953728736,-50.733157938754857)             (-110.31919168877346,-60.429979168015379)              (-49.905261351430227,553.48838948469506)               (1144.8682559507060,393.61951542727957)               (42.592875054327806,475.83875525456665)             (-238.86435032380268,-2131.0122224124852)
               (0.0000000000000000,0.0000000000000000)             (-252.09018201145614,-267.29740903669415)               (219.75526033689812,470.32537655697161)             (-276.35055542830469,-50.734419261575340)             (-110.31808991128582,-60.429928575257208)              (-49.954051036472492,553.48423650054474)               (1144.8589929675600,393.62006140884114)               (42.546491052969031,475.84567367373052)             (-239.09150251822211,-2130.9703026526586)
               (0.0000000000000000,0.0000000000000000)             (-252.08962910220907,-267.29667314265737)               (219.74327710757370,470.30676124301601)             (-276.35045600250101,-50.737686953557727)             (-110.31152487851102,-60.428595619488533)              (-49.990420991274732,553.46859016778353)               (1144.8019665454703,393.61361123276856)               (42.510414108625127,475.83997434746652)             (-239.26802097924156,-2130.9876526756052)
               (0.0000000000000000,0.0000000000000000)             (-252.09087968075301,-267.29571559007479)               (219.73420867313325,470.26999330218916)             (-276.34963218294615,-50.743415578167628)             (-110.30139201600821,-60.423678682890142)              (-50.009043613839822,553.45244057103105)               (1144.7089573498415,393.57557773575445)               (42.490774477708555,475.83043397406414)             (-239.36476874090658,-2131.0258826942527)
               (0.0000000000000000,0.0000000000000000)             (-252.09431834864495,-267.29683963010012)               (219.73890989163237,470.22223715009147)             (-276.34714079757646,-50.751115765602322)             (-110.29055665153419,-60.414277239418709)              (-50.012231827460482,553.44803705301592)               (1144.6047383926298,393.49126209143606)               (42.487137164619980,475.82751969194805)             (-239.37978703230237,-2131.0353275149910)
               (0.0000000000000000,0.0000000000000000)             (-251.76315470871464,-267.12710674358448)               (219.24912143458550,469.95190444075706)             (-275.72902464680033,-51.722908543124049)             (-109.88330076399484,-60.786888798371947)              (-45.606438329043613,551.74881396437172)               (1142.2278525698221,399.25412584198284)               (45.509006533544152,474.33196804696513)             (-251.85577905310947,-2124.7551620950444)
               (0.0000000000000000,0.0000000000000000)             (-251.76152451096345,-267.12667732156694)               (219.24153886255181,469.94346557612630)             (-275.72765193602822,-51.724379378149479)             (-109.87974808719378,-60.786436526815478)              (-45.651969288645660,551.73728373640779)               (1142.1988482253610,399.25333835712945)               (45.463728897792862,474.33125359804376)             (-252.08683805061901,-2124.7532796047708)
               (0.0000000000000000,0.0000000000000000)             (-251.75973766140669,-267.12474206298612)               (219.22937736187441,469.91751822164372)             (-275.72543138126753,-51.727413236724601)             (-109.87161412395426,-60.783388848090610)              (-45.680668166816758,551.71889208343259)               (1142.1293417856268,399.23325974150612)               (45.433506108927304,474.32124175957256)             (-252.24052457287871,-2124.7961981066401)
               (0.0000000000000000,0.0000000000000000)             (-251.75981324984696,-267.12201807537292)               (219.22483253130508,469.87533399533754)             (-275.72182472072018,-51.732024119550374)             (-109.86129077582996,-60.776189330327028)              (-45.691070295569261,551.70652214092001)               (1142.0368942356945,399.17566747870660)               (45.421543246508236,474.31290541149360)             (-252.30037440120032,-2124.8320289977055)
               (0.0000000000000000,0.0000000000000000)             (-251.76219434064865,-267.12100783675123)               (219.23639456858291,469.82662466169370)             (-275.71643830422613,-51.737445519424227)             (-109.85165192692739,-60.764823568455341)              (-45.689841365128586,551.71157528108915)               (1141.9475427700354,399.07467170887003)               (45.423750798158835,474.31674216559600)             (-252.28308720987570,-2124.8076222365853)
               (0.0000000000000000,0.0000000000000000)             (-251.39527157473094,-266.99746700032620)               (218.66504690333568,469.61180353513009)             (-275.17360895135062,-52.778609652224873)             (-109.46504219313317,-61.181401024034258)              (-41.430545095853404,550.22821822484002)               (1138.9849193977998,405.25938232243607)               (48.204191540342663,472.73470613884297)             (-263.70977142934044,-2117.9405372094388)
               (0.0000000000000000,0.0000000000000000)             (-251.39285722554882,-266.99646928229191)               (218.65506676277300,469.59735403990476)             (-275.17104971385447,-52.779833734056524)             (-109.45965934606443,-61.179866608495544)              (-41.469072563304962,550.21145879991786)               (1138.9417745555011,405.25110578909221)               (48.164079822482336,472.72747619892402)             (-263.92403217612991,-2117.9763402908784)
               (0.0000000000000000,0.0000000000000000)             (-251.39031885520194,-266.99343709895311)               (218.64526075051344,469.56591605942799)             (-275.16724625507709,-52.782084540805613)             (-109.45097733397824,-61.174917288792571)              (-41.488568901270583,550.19400248764987)               (1138.8694480737940,405.21568148637630)               (48.142152428188638,472.71607880644297)             (-264.03988878625387,-2118.0315511588178)
               (0.0000000000000000,0.0000000000000000)             (-251.38982465050390,-266.98931550257112)               (218.64651079616146,469.52160453760303)             (-275.16186777161192,-52.785141059519560)             (-109.44153626044704,-61.165846861613005)              (-41.491994739925531,550.18889500971341)               (1138.7879144907756,405.14274041630688)               (48.137894102050041,472.71235249026381)             (-264.05924365846749,-2118.0460020800519)
               (0.0000000000000000,0.0000000000000000)             (-251.39171931987926,-266.98676900027931)               (218.66433772919072,469.47556031705392)             (-275.15496347064868,-52.788189796487359)             (-109.43387330937310,-61.153423121603879)              (-41.489753911617981,550.20491231617211)               (1138.7207504101016,405.03449022028826)               (48.143699929178638,472.72526193256340)             (-264.01893680394096,-2117.9707939067021)
               (0.0000000000000000,0.0000000000000000)             (-250.95934102708748,-266.84899016091913)               (218.00179861623110,469.21727433163960)             (-274.54706918399097,-53.926447213214146)             (-109.00401113893224,-61.604530899457295)              (-37.465923724408412,548.65272908420047)               (1135.1813307276707,410.87136099892018)               (50.953500587414055,470.92513838944296)             (-275.56263341038175,-2109.9382262247700)
               (0.0000000000000000,0.0000000000000000)             (-250.95643948416409,-266.84782428859472)               (217.99199966468041,469.19799424502162)             (-274.54389242774505,-53.927343244929602)             (-108.99770059062371,-61.601591271118309)              (-37.494824503045038,548.63410270751069)               (1135.1322301331447,410.85268164584113)               (50.921802284199885,470.91396517286967)             (-275.73988761054534,-2110.0003609218020)
               (0.0000000000000000,0.0000000000000000)             (-250.95358601139628,-266.84429876836117)               (217.98605001133524,469.16390370200565)             (-274.53941025290715,-53.928786398114653)             (-108.98947704870875,-61.595044300272107)              (-37.505326830474360,548.62128779187265)               (1135.0665609305042,410.80494187824252)               (50.909017887684513,470.90462969258851)             (-275.80903204037895,-2110.0485819426658)
               (0.0000000000000000,0.0000000000000000)             (-250.95286689302930,-266.83959454336610)               (217.99306980322126,469.12093748530629)             (-274.53338989802387,-53.930530609557991)             (-108.98173283803624,-61.584880160534269)              (-37.504505281096499,548.62560943161066)               (1135.0034946193000,410.72444237497166)               (50.910827981364946,470.90821356905940)             (-275.79331194837323,-2110.0225883031235)
               (0.0000000000000000,0.0000000000000000)             (-250.95445617171436,-266.83639595799127)               (218.01540479595906,469.08052005214631)             (-274.52617697099799,-53.931677167738940)             (-108.97640292841834,-61.572455759299572)              (-37.505070832050933,548.65185854376227)               (1134.9612282021990,410.61969346511432)               (50.917014694920681,470.93077000142875)             (-275.74719735073722,-2109.8861966665627)
               (0.0000000000000000,0.0000000000000000)             (-250.50444304628218,-266.64765802458987)               (217.34963181788362,468.74731270493339)             (-273.80411101844538,-55.050730180275650)             (-108.49976228183834,-61.999369538852619)              (-33.488993801528750,546.89139663327956)               (1131.5040115358688,415.95856239239765)               (53.916221498459890,469.11277079493334)             (-288.08933340045860,-2101.6304175524565)
               (0.0000000000000000,0.0000000000000000)             (-250.50146298397772,-266.64687096497067)               (217.34183248771842,468.72522460107143)             (-273.80111683038831,-55.051345068387036)             (-108.49343835032948,-61.995097642413015)              (-33.507518500961169,546.87469142831628)               (1131.4571855404411,415.93026838227388)               (53.894528403484173,469.10102925018373)             (-288.21583776444277,-2101.7003512417068)
               (0.0000000000000000,0.0000000000000000)             (-250.49837867555857,-266.64371665764816)               (217.34045393478777,468.69127430806088)             (-273.79678229664523,-55.052506742823539)             (-108.48648680000269,-61.987452675007390)              (-33.510849140191795,546.86924811504355)               (1131.4054172710103,415.87506082904702)               (53.890044081927954,469.09675137838281)             (-288.23992467949574,-2101.7210631637345)
               (0.0000000000000000,0.0000000000000000)             (-250.49732718445534,-266.63932900708011)               (217.35202765720555,468.65245378917530)             (-273.79092354491900,-55.053689400605208)             (-108.48082037830977,-61.977107469387192)              (-33.509479297030339,546.88309739348347)               (1131.3638842633572,415.79604517347661)               (53.894929795231974,469.10881841824312)             (-288.20308664095592,-2101.6415942525618)
               (0.0000000000000000,0.0000000000000000)             (-250.49836912737146,-266.63625990451362)               (217.37644679657660,468.61934354634764)             (-273.78409089498768,-55.054085690461875)             (-108.47772273027772,-61.965624100528970)              (-33.515996281178332,546.91653578952969)               (1131.3444279051710,415.70411497977875)               (53.898238526798195,469.13952937211729)             (-288.17265937872071,-2101.4450270950401)
               (0.0000000000000000,0.0000000000000000)             (-250.07237746162991,-266.42903609539007)               (216.75698217793024,468.27344897469084)             (-273.03755476529045,-56.087785781137882)             (-108.00387539426356,-62.351411376226622)              (-29.342525382039639,545.10329203038373)               (1128.2191783586868,421.05600684802198)               (56.943469114039090,467.47137607628110)             (-300.61538472200937,-2093.7904098969639)
               (0.0000000000000000,0.0000000000000000)             (-250.06911855849353,-266.42952884550874)               (216.75197155171145,468.25071679238363)             (-273.03532566191438,-56.088934405140549)             (-107.99823742998001,-62.346165992383227)              (-29.351954253527765,545.09162175240454)               (1128.1807128553983,421.02161773797570)               (56.931426811397159,467.46227494673849)             (-300.68774608847434,-2093.8471558613619)
               (0.0000000000000000,0.0000000000000000)             (-250.06547023381063,-266.42754581686188)               (216.75438919727958,468.21928264372968)             (-273.03157202296416,-56.090680834230739)             (-107.99291817813616,-62.338168846299176)              (-29.351603701859631,545.09441808865449)               (1128.1457536768612,420.96625933544692)               (56.932530686849987,467.46478878259518)             (-300.67676980197848,-2093.8249012426550)
               (0.0000000000000000,0.0000000000000000)             (-250.06362087278171,-266.42411610966462)               (216.76867343019990,468.18620454689142)             (-273.02614902625305,-56.092205441932038)             (-107.98928473642729,-62.328433432102173)              (-29.352652437561119,545.11568774370107)               (1128.1244006648803,420.89646726373303)               (56.937551863031558,467.48453718776386)             (-300.64025617161406,-2093.6894568171683)
               (0.0000000000000000,0.0000000000000000)             (-250.06367669091969,-266.42159484321502)               (216.79282386020714,468.16066663909737)             (-273.01985926544580,-56.092603695508046)             (-107.98799748240219,-62.318509931066217)              (-29.366594896894412,545.15162583973006)               (1128.1223071596933,420.82314019701198)               (56.935636140776296,467.52014929331449)             (-300.64532128523570,-2093.4466654251273)
               (0.0000000000000000,0.0000000000000000)             (-249.64464374699719,-266.23538515618446)               (216.18427367306731,467.84980190461397)             (-272.32303564854396,-57.101778088213109)             (-107.54182828765431,-62.699336398223707)              (-25.134968034038820,543.45054680616909)               (1124.9393720013377,426.47230520660480)               (59.849061498619449,465.90558708648973)             (-312.31681800138267,-2086.0159050420689)
               (0.0000000000000000,0.0000000000000000)             (-249.64061232212498,-266.23781690148360)               (216.18197246499403,467.82807714767046)             (-272.32174467980599,-57.104369140962376)             (-107.53725587323913,-62.693563016365609)              (-25.138071436170094,543.44546019146173)               (1124.9120633332295,426.43622617502206)               (59.844660762720423,465.90130043422346)             (-312.34258835519904,-2086.0418949358054)
               (0.0000000000000000,0.0000000000000000)             (-249.63577923223011,-266.23742569410820)               (216.18703341968626,467.80039130863724)             (-272.31847552607564,-57.107544248778368)             (-107.53358644188472,-62.685789188951873)              (-25.137210479090527,543.45530402425993)               (1124.8930743880546,426.38634696462896)               (59.848395000024084,465.91054714041366)             (-312.31536366880755,-2085.9707521766013)
               (0.0000000000000000,0.0000000000000000)             (-249.63256597924601,-266.23511708100432)               (216.20225541351533,467.77333528534655)             (-272.31327158321756,-57.110075812492823)             (-107.53166061983393,-62.677145642735383)              (-25.142889778572680,543.48018288033950)               (1124.8874454346151,426.33027484930062)               (59.850776913801155,465.93550386334709)             (-312.29857002871995,-2085.7896746070337)
               (0.0000000000000000,0.0000000000000000)             (-249.63129863292033,-266.23312857752256)               (216.22446310866007,467.75450707654579)             (-272.30733704766794,-57.110962254220340)             (-107.53165219827883,-62.669003764509540)              (-25.163585523703887,543.51350228450337)               (1124.8960293949312,426.27695444944493)               (59.842864029733619,465.97183864835574)             (-312.35111737567058,-2085.5252363852414)
               (0.0000000000000000,0.0000000000000000)             (-249.18551226774593,-266.05856013939098)               (215.58711845887888,467.45268196923848)             (-271.62407503606050,-58.167913235592835)             (-107.08819582756485,-63.071074367062138)              (-21.039876774946833,541.87227469907998)               (1121.3351029513115,431.91548730437046)               (62.663632206296143,464.23270763272785)             (-323.37659531934241,-2077.5286103860826)
               (0.0000000000000000,0.0000000000000000)             (-249.17998553470511,-266.06314169340453)               (215.58704799378506,467.43270164095770)             (-271.62337626322528,-58.172717908862069)             (-107.08477525049534,-63.065105896256426)              (-21.039927908656409,541.87339181864377)               (1121.3185536735464,431.88099450601840)               (62.663960737471143,464.23384052513279)             (-323.37151766203988,-2077.5146291146248)
               (0.0000000000000000,0.0000000000000000)             (-249.17334416535255,-266.06421267254478)               (215.59371970388315,467.40885761155039)             (-271.62005916127214,-58.177784034245292)             (-107.08255029491261,-63.057852393285117)              (-21.041037331611278,541.88739837290427)               (1121.3121141797319,431.83929231567663)               (62.667515396947465,464.24812708361446)             (-323.34762647438220,-2077.4005100296190)
               (0.0000000000000000,0.0000000000000000)             (-249.16842512015228,-266.06269746424590)               (215.60875459617478,467.38710069901720)             (-271.61461200362737,-58.181477329594259)             (-107.08192927982509,-63.050422370735035)              (-21.051586229676559,541.91146319759059)               (1121.3167256091710,431.79744668185231)               (62.665921571097442,464.27481563916695)             (-323.36423720980201,-2077.1944715113896)
               (0.0000000000000000,0.0000000000000000)             (-249.16585787319468,-266.06092814475403)               (215.62831739559260,467.37355581212000)             (-271.60881193384512,-58.182844515580541)             (-107.08274718730229,-63.043950514795583)              (-21.076435792517486,541.93791549810771)               (1121.3301765406341,431.76166173205365)               (62.652959041514350,464.30787052892856)             (-323.46437801479351,-2076.9376115377891)
               (0.0000000000000000,0.0000000000000000)             (-248.69850434947534,-265.86443310984970)               (214.98315449656843,467.03755889760055)             (-270.87020777327143,-59.267958843932774)             (-106.61493656327161,-63.449481981756122)              (-17.062351144925969,540.20314313595100)               (1117.5951515813931,437.02017547018750)               (65.535919603480352,462.43607470215215)             (-334.55215272667829,-2068.3230766096094)
               (0.0000000000000000,0.0000000000000000)             (-248.69081717357562,-265.87079386755255)               (214.98501178704078,467.01914016784281)             (-270.86936225662862,-59.275290342623407)             (-106.61259312627408,-63.443417419040365)              (-17.062087407409308,540.20846815631330)               (1117.5870573885604,436.98799388160364)               (65.538119773675589,462.44169850089816)             (-334.53494212173609,-2068.2705729491017)
               (0.0000000000000000,0.0000000000000000)             (-248.68206537396350,-265.87269005704940)               (214.99289644274245,466.99844424167986)             (-270.86531162170650,-59.282115142672978)             (-106.61157491669417,-63.436677729006824)              (-17.066141435140707,540.22302844835781)               (1117.5891989258671,436.95371689091644)               (65.539731263763770,462.45834794035795)             (-334.52944265217866,-2068.1293171105817)
               (0.0000000000000000,0.0000000000000000)             (-248.67557114441524,-265.87135018154027)               (215.00751896998736,466.98085248059579)             (-270.85925527299946,-59.286573268132315)             (-106.61195599077325,-63.430305189004514)              (-17.080054680587637,540.24247788227285)               (1117.5996259482645,436.92326854551379)               (65.534341377849614,462.48335678155649)             (-334.58286216294164,-2067.9237316921253)
               (0.0000000000000000,0.0000000000000000)             (-248.67217795004603,-265.86946535213883)               (215.02460000833798,466.97121751525731)             (-270.85362170230997,-59.288047022445198)             (-106.61332790690005,-63.425216003045435)              (-17.105369658703466,540.25970355978052)               (1117.6144139759854,436.90030807376024)               (65.518531457584913,462.51033576922714)             (-334.71880667169535,-2067.7006796076030)
               (0.0000000000000000,0.0000000000000000)             (-248.21763552517291,-265.64561371652979)               (214.41816813263017,466.60695263639582)             (-270.06165250601430,-60.333298480669669)             (-106.13060063865214,-63.805363986719222)              (-13.082856658563060,538.39468677801347)               (1114.0805125625584,441.85052555914228)               (68.499346695020449,460.63870154239180)             (-346.10696603377892,-2059.0610455314218)
               (0.0000000000000000,0.0000000000000000)             (-248.20748188309676,-265.65287873163044)               (214.42224643839359,466.58937883168801)             (-270.05981979858848,-60.342852314065567)             (-106.12927171951208,-63.799072668636228)              (-13.083780884038333,538.40147413327077)               (1114.0785443323821,441.81862517889931)               (68.501384316000440,460.64694614926293)             (-346.09364597592958,-2058.9807576464127)
               (0.0000000000000000,0.0000000000000000)             (-248.19694408677560,-265.65463323674356)               (214.43174373915531,466.57096127748559)             (-270.05456633876338,-60.350629831831952)             (-106.12937268461781,-63.792602480650352)              (-13.090216999573158,538.41343089750058)               (1114.0868163865671,441.78803746012272)               (68.500589674795947,460.66326661518838)             (-346.11321922244315,-2058.8330509104662)
               (0.0000000000000000,0.0000000000000000)             (-248.18952827677231,-265.65288027876488)               (214.44659700881402,466.55655965023630)             (-270.04790528711032,-60.355102702038494)             (-106.13063546177079,-63.787028227256357)              (-13.105103195197898,538.42608555663401)               (1114.1009192011106,441.76459342516091)               (68.492581205808619,460.68421985919986)             (-346.19591151051918,-2058.6511165383499)
               (0.0000000000000000,0.0000000000000000)             (-248.18610309414339,-265.65080136611130)               (214.46176910693202,466.54993272782269)             (-270.04283864446984,-60.356233019712818)             (-106.13245092413285,-63.783038621786289)              (-13.127319319681419,538.43402079539237)               (1114.1159422253095,441.74958321893791)               (68.476472211188593,460.70408431462943)             (-346.34813812191624,-2058.4787833393657)
               (0.0000000000000000,0.0000000000000000)             (-247.76175949534945,-265.42626922588721)               (213.90270999398513,466.19782088263105)             (-269.25815487026580,-61.342459818968166)             (-105.66215164433765,-64.137856579502184)              (-9.0493036995042075,536.53235420855754)               (1110.8238679619453,446.72324108658074)               (71.440296311565817,458.90106263109146)             (-357.63449518834932,-2050.1503610120135)
               (0.0000000000000000,0.0000000000000000)             (-247.74938299636642,-265.43329771312790)               (213.90997446787947,466.18041398843434)             (-269.25471371439471,-61.353360881810545)             (-105.66191625709541,-64.131093849425270)              (-9.0515915338201012,536.53820316700649)               (1110.8272596661618,446.68785303389984)               (71.441246107140842,458.91000114909343)             (-357.63455573810552,-2050.0579664656061)
               (0.0000000000000000,0.0000000000000000)             (-247.73767805314196,-265.43420835452383)               (213.92202289456918,466.16380662330766)             (-269.24815640727002,-61.361265504802759)             (-105.66315413012228,-64.124757272303555)              (-9.0589141438108527,536.54580870013592)               (1110.8409797521408,446.65779043820066)               (71.438573551137551,458.92416559661478)             (-357.67711125589267,-2049.9231293818048)
               (0.0000000000000000,0.0000000000000000)             (-247.73044008060606,-265.43170893520653)               (213.93752037926629,466.15237680406290)             (-269.24137970826291,-61.364872449729660)             (-105.66534670513954,-64.119760628989866)              (-9.0719905254527475,536.55155540146188)               (1110.8590310838626,446.63703301036639)               (71.429841631115096,458.94017803063753)             (-357.77644051032712,-2049.7799229167376)
               (0.0000000000000000,0.0000000000000000)             (-247.72780295713551,-265.42975319906446)               (213.95132709991867,466.14832014499734)             (-269.23754478483352,-61.365433781710749)             (-105.66753904952247,-64.116713028223785)              (-9.0888110857924858,536.55206205329455)               (1110.8745769587840,446.62657194880717)               (71.415381713062743,458.95354008022878)             (-357.92416564608538,-2049.6630967186920)
               (0.0000000000000000,0.0000000000000000)             (-247.31852039397450,-265.22596254601433)               (213.40643588459852,465.82634110031563)             (-268.49440283506897,-62.336639835640426)             (-105.21668345460569,-64.469366517397603)              (-5.0363935411221519,534.68111554097618)               (1107.5563486118681,451.74563772023384)               (74.262530649281871,457.14372377504446)             (-368.77761829650535,-2041.3656578536720)
               (0.0000000000000000,0.0000000000000000)             (-247.30474852905354,-265.23168562339981)               (213.41823501262729,465.80901667519493)             (-268.48919442175747,-62.347668977621424)             (-105.21779359614345,-64.461953217061193)              (-5.0394193331123915,534.68483076177654)               (1107.5665866676718,451.70310365651426)               (74.262317761169015,457.15216715918723)             (-368.79317791238645,-2041.2762445911712)
               (0.0000000000000000,0.0000000000000000)             (-247.29314237565154,-265.23121836684902)               (213.43376875104059,465.79449110528822)             (-268.48181611275936,-62.354555570940761)             (-105.22037346310128,-64.455648434371398)              (-5.0461815046089669,534.68809340919165)               (1107.5875398349426,451.67039183325869)               (74.258581788946231,457.16366602792891)             (-368.85062800758078,-2041.1671025020669)
               (0.0000000000000000,0.0000000000000000)             (-247.28695182407910,-265.22831779193018)               (213.45035692301599,465.78623452384727)             (-268.47566476563111,-62.357027036416071)             (-105.22346603639176,-64.451323244335526)              (-5.0562021429498145,534.68847280928821)               (1107.6102515220173,451.65136169927678)               (74.250125540200543,457.17532536532963)             (-368.95096373328670,-2041.0674177965966)
               (0.0000000000000000,0.0000000000000000)             (-247.28563336530556,-265.22713657684017)               (213.46226675689059,465.78469019785621)             (-268.47373327107880,-62.357176709028749)             (-105.22586169456167,-64.449188526314003)              (-5.0672411421357992,534.68438779593635)               (1107.6263647846927,451.64403585411901)               (74.238032420303171,457.18383421645831)             (-369.07831840695053,-2041.0000465003359)
               (0.0000000000000000,0.0000000000000000)             (-246.87133729034963,-265.03716318235587)               (212.90454973222154,465.47004264459656)             (-267.74598995897327,-63.352677359640495)             (-104.77634022634516,-64.812193921356823)              (-1.1311782899642822,532.79551795823318)               (1104.1075534078518,456.72092253031900)               (76.996256335776252,455.26475719188306)             (-379.71971265650427,-2032.3481894042043)
               (0.0000000000000000,0.0000000000000000)             (-246.85740920507806,-265.04087224710497)               (212.92204532856658,465.45355524567344)             (-267.73939084108201,-63.362591928059203)             (-104.77913463509151,-64.804173422556360)              (-1.1343901785896833,532.79740601032586)               (1104.1278263579989,456.66953735151367)               (76.995017701753568,455.27265719712864)             (-379.74767087333748,-2032.2716222810586)
               (0.0000000000000000,0.0000000000000000)             (-246.84714370798542,-265.03907106678048)               (212.94137004692016,465.44202600639437)             (-267.73203101681383,-63.367728474614637)             (-104.78319250585810,-64.798085124137998)              (-1.1401070891151903,532.79774419528121)               (1104.1581702300255,456.63402851729006)               (76.990549319566526,455.28219506827918)             (-379.81065597102588,-2032.1921656625755)
               (0.0000000000000000,0.0000000000000000)             (-246.84283988801917,-265.03630330888740)               (212.95850873679092,465.43738785133223)             (-267.72736661950853,-63.368920960291689)             (-104.78706732504190,-64.794564674930328)              (-1.1473158424148551,532.79508578523155)               (1104.1859997966958,456.61675857041587)               (76.982415909247038,455.29091578733687)             (-379.90105662862879,-2032.1313556659470)
               (0.0000000000000000,0.0000000000000000)             (-246.84284413810224,-265.03662487017311)               (212.96773062254897,465.43778783551033)             (-267.72769480452644,-63.369170047293551)             (-104.78927591086949,-64.793335955702133)              (-1.1539963576296941,532.78906966321915)               (1104.2009930302074,456.61245595715309)               (76.972084812015510,455.29638052295263)             (-380.00096086856138,-2032.1008364564759)
               (0.0000000000000000,0.0000000000000000)             (-246.42364491603962,-264.84247605072210)               (212.40333075970148,465.10206475574978)             (-266.97566011307754,-64.378112838474465)             (-104.32457949540515,-65.155732817069392)               (2.6735966006589251,530.79210474945262)               (1100.5875388539926,461.46183829433932)               (79.730626159957865,453.26387459418515)             (-390.89009089118099,-2023.1526397062871)
               (0.0000000000000000,0.0000000000000000)             (-246.41091802133451,-264.84400913018351)               (212.42689758106371,465.08790248360629)             (-266.96848711355460,-64.385974803481304)             (-104.32932063647957,-65.147448753248483)               (2.6698706571711455,530.79361034650515)               (1100.6212607045582,461.40300610415795)               (79.728013225066661,453.27217288138672)             (-390.92621922115904,-2023.0914427566331)
               (0.0000000000000000,0.0000000000000000)             (-246.40295627798855,-264.84139892489549)               (212.44926913029713,465.08050058072968)             (-266.96209885591838,-64.389135264702531)             (-104.33477473440007,-65.141976642515473)               (2.6642633038354688,530.79298296161255)               (1100.6618759574503,461.36729445507672)               (79.722167469522901,453.28105940146338)             (-390.98883952913457,-2023.0378734323767)
               (0.0000000000000000,0.0000000000000000)             (-246.40074695893372,-264.83954313885107)               (212.46550817641719,465.07954715268056)             (-266.95949247395311,-64.389460925953244)             (-104.33901383199247,-65.139484979833298)               (2.6581237866887477,530.78932619351849)               (1100.6928798849385,461.35374767831604)               (79.713281348481360,453.28824708315960)             (-391.06580348444641,-2023.0059416844342)
               (0.0000000000000000,0.0000000000000000)             (-246.40152913963539,-264.84185838619271)               (212.47069872039765,465.08060887264742)             (-266.96191532497028,-64.390466924486304)             (-104.34043603186933,-65.139022771721912)               (2.6533266377396103,530.78300253982252)               (1100.7028787270619,461.35219468244350)               (79.703253092599198,453.29187769461146)             (-391.14032264865909,-2022.9987112468298)
               (0.0000000000000000,0.0000000000000000)             (-245.99114948378269,-264.63933484546089)               (211.91875999601734,464.72164460627891)             (-266.18313928590760,-65.377432650243463)             (-103.86395520761073,-65.484831067894532)               (6.4499359759229264,528.65740099982918)               (1097.1740338779273,466.02744286590911)               (82.492225665471778,451.22049227345360)             (-402.42160387400054,-2014.1504695326585)
               (0.0000000000000000,0.0000000000000000)             (-245.98076079725865,-264.63907113203283)               (211.94757306349311,464.71156724900766)             (-266.17639571498830,-65.382819888920380)             (-103.87064961036106,-65.476880249221949)               (6.4441105101752783,528.66023978852536)               (1097.2229889647497,465.96562741369200)               (82.486981379550571,451.23048016930784)             (-402.46463418438361,-2014.1008491786097)
               (0.0000000000000000,0.0000000000000000)             (-245.97553939148247,-264.63644542372435)               (211.97115960186102,464.70902331200409)             (-266.17173285216154,-65.384285505101047)             (-103.87708921531987,-65.472491952247779)               (6.4364455902220925,528.66011448533641)               (1097.2720486328653,465.93392273550614)               (82.478153331075873,451.23978051662993)             (-402.52717125985873,-2014.0653070231119)
               (0.0000000000000000,0.0000000000000000)             (-245.97504825323699,-264.63613742081748)               (211.98450459867081,464.71094433752273)             (-266.17126587321582,-65.384400548063581)             (-103.88101001619384,-65.471117099750430)               (6.4288870858854352,528.65639345443356)               (1097.3016481645700,465.92581711439902)               (82.466813414074522,451.24609015394594)             (-402.59459514646005,-2014.0519915935620)
               (0.0000000000000000,0.0000000000000000)             (-245.97570215433552,-264.64042919032238)               (211.98453808298996,464.71046692184723)             (-266.17507472931334,-65.386663326882456)             (-103.88096971873415,-65.471014900185637)               (6.4235290095205073,528.65006077751377)               (1097.3013785459507,465.92501476144332)               (82.455591521939368,451.24814543668867)             (-402.65184482123823,-2014.0580138545847)
               (0.0000000000000000,0.0000000000000000)             (-245.57942940696057,-264.43996743915369)               (211.44655460451304,464.34400971618152)             (-265.39736729828951,-66.340312644085031)             (-103.40606870726879,-65.799294801973218)               (10.235847008107726,526.45459606792019)               (1093.8553860654220,470.60818924223429)               (85.226955059973534,449.18647705500894)             (-414.06672375041489,-2005.5525191013767)
               (0.0000000000000000,0.0000000000000000)             (-245.57200515133923,-264.43865996371989)               (211.47852176976062,464.33941744916956)             (-265.39192509514191,-66.343373782995741)             (-103.41435009941631,-65.792376916533755)               (10.225338988131739,526.45977657780509)               (1093.9182689659847,470.54978240294997)               (85.217002829082276,449.19897114921855)             (-414.12063920726450,-2005.5079576285671)
               (0.0000000000000000,0.0000000000000000)             (-245.56932757954678,-264.43677911821419)               (211.50074350198042,464.34151798713583)             (-265.38928115958811,-66.343776332191112)             (-103.42103590131956,-65.789415379791478)               (10.213148565683014,526.46040592307259)               (1093.9707631536276,470.52614233590543)               (85.203302700916765,449.20880842032284)             (-414.18978171662911,-2005.4832286344490)
               (0.0000000000000000,0.0000000000000000)             (-245.56972057727762,-264.43822320502244)               (211.50926912931345,464.34441971592378)             (-265.39046779070372,-66.344295918210548)             (-103.42381525613473,-65.788959493685070)               (10.202011968242005,526.45622233727363)               (1093.9924668625436,470.52330311480978)               (85.188023464480466,449.21384414547424)             (-414.25584116805294,-2005.4820305948715)
               (0.0000000000000000,0.0000000000000000)             (-245.56928426138074,-264.44384001183693)               (211.50385935085683,464.33952957587007)             (-265.39456412259938,-66.347889883211053)             (-103.42175833123770,-65.788509418462965)               (10.194665075240209,526.44922850079934)               (1093.9768768214899,470.51873329860200)               (85.174896157053809,449.21383447916537)             (-414.30505192319015,-2005.4965509731064)
               (0.0000000000000000,0.0000000000000000)             (-245.17716555407264,-264.25327729307617)               (210.96150171539398,463.97266422373878)             (-264.63420454300672,-67.289619954689385)             (-102.95238651476291,-66.111258270391744)               (13.999938125559538,524.24377323133263)               (1090.4500960226687,475.27825002241246)               (87.883124102830607,447.13851451085498)             (-425.56940235588263,-1997.1980433292747)
               (0.0000000000000000,0.0000000000000000)             (-245.17270306601836,-264.25176786838426)               (210.99377086576919,463.97397951209769)             (-264.63054755326584,-67.290929240190167)             (-102.96154580133327,-66.105928980807391)               (13.981986357501455,524.25088711443709)               (1090.5222402388536,475.22924650416928)               (87.866157131798218,447.15318122855274)             (-425.64285876094073,-1997.1536766239778)
               (0.0000000000000000,0.0000000000000000)             (-245.17185724335218,-264.25106907998600)               (211.01197338404563,463.97930675406633)             (-264.62967519710651,-67.290968151904792)             (-102.96754309317635,-66.104436402513088)               (13.963019367984316,524.25104822090043)               (1090.5707677407663,475.21568797024742)               (87.845787880499756,447.16248437776630)             (-425.72636302054434,-1997.1368520301321)
               (0.0000000000000000,0.0000000000000000)             (-245.17215050941650,-264.25389809474291)               (211.01454325851842,463.98042863729711)             (-264.63161172721698,-67.292191070335605)             (-102.96843832777358,-66.104357003800800)               (13.947585969732927,524.24510443020199)               (1090.5779880341433,475.21503726938101)               (87.826253132632928,447.16504378256332)             (-425.79936577010085,-1997.1463733388218)
               (0.0000000000000000,0.0000000000000000)             (-245.16997067958823,-264.25965913340690)               (211.00469581761740,463.96821768543941)             (-264.63483668457934,-67.296646884590757)             (-102.96415080773784,-66.102644656376725)               (13.938347963019396,524.23666754010401)               (1090.5443399548785,475.20001292116700)               (87.811769433781592,447.16236104972950)             (-425.84632596930714,-1997.1685127275696)
               (0.0000000000000000,0.0000000000000000)             (-244.76983731315227,-264.07371572881925)               (210.44271347027711,463.59021729817050)             (-263.87745739183310,-68.248544129029369)             (-102.49112535974302,-66.428048878427262)               (17.694261442146171,522.02601150654937)               (1086.8230996531311,479.93251629677519)               (90.474659413078712,445.03073209430977)             (-436.95260287488054,-1988.7972483623007)
               (0.0000000000000000,0.0000000000000000)             (-244.76777354448200,-264.07264356940107)               (210.47172302379863,463.59666877179916)             (-263.87561414256197,-68.248749990183455)             (-102.50010664091599,-66.424675390918537)               (17.667008290408603,522.03314812689905)               (1086.8962034363658,479.89807536940646)               (90.449030234879501,445.04590416775090)             (-437.05573512562751,-1988.7533279788959)
               (0.0000000000000000,0.0000000000000000)             (-244.76779869811025,-264.07307331616664)               (210.48393537429547,463.60275325016596)             (-263.87578505413489,-68.249028879142429)             (-102.50453948147492,-66.424276663349247)               (17.641012438492226,522.03075953492930)               (1086.9330544120203,479.89298476938154)               (90.421848716539444,445.05272002391689)             (-437.16109020756721,-1988.7468437750731)
               (0.0000000000000000,0.0000000000000000)             (-244.76720183415546,-264.07641021409586)               (210.48072116556864,463.59907120953267)             (-263.87743642667579,-68.250796789080027)             (-102.50311729165787,-66.423762410066928)               (17.621870345449679,522.02166460842182)               (1086.9212848999505,479.88874947591250)               (90.398852530587192,445.05151332665559)             (-437.24288502792024,-1988.7693359657223)
               (0.0000000000000000,0.0000000000000000)             (-244.76318906664915,-264.08090228659779)               (210.46876677641148,463.57741791493072)             (-263.87892113954672,-68.255183793648484)             (-102.49683242497065,-66.419916715827554)               (17.612342181837221,522.01178960851189)               (1086.8705252230175,479.85640644694814)               (90.384861827909390,445.04619521191967)             (-437.28815974477584,-1988.7985294708769)
               (0.0000000000000000,0.0000000000000000)             (-244.35367938193963,-263.88893881141746)               (209.88859120395296,463.17568808485794)             (-263.10056084971256,-69.213841659913697)             (-102.01034158642551,-66.744066424318405)               (21.316246524014787,519.76863867673546)               (1083.0035125779577,484.44465584350286)               (93.057089758463576,442.86330491168019)             (-448.41492255804314,-1980.2517751205096)
               (0.0000000000000000,0.0000000000000000)             (-244.35309232826785,-263.88852244602958)               (209.91175179366769,463.18518632447353)             (-263.09995140037222,-69.213812606650947)             (-102.01813736291035,-66.742504502516553)               (21.279645065418663,519.77293417525743)               (1083.0688014038860,484.42534262289905)               (93.022626702192611,442.87635328536294)             (-448.55472469692904,-1980.2145645092805)
               (0.0000000000000000,0.0000000000000000)             (-244.35308311347490,-263.88952004758323)               (209.91724986020427,463.18901278112503)             (-263.10034128496773,-69.214248062949508)             (-102.02028640145056,-66.742608142232370)               (21.248217490693378,519.76592230104302)               (1083.0871044548876,484.42512535715912)               (92.990089728698422,442.87862191112617)             (-448.68282848657782,-1980.2244869031629)
               (0.0000000000000000,0.0000000000000000)             (-244.35125152947580,-263.89219040099522)               (209.90983736216685,463.17799993329095)             (-263.10083657922587,-69.215970988130834)             (-102.01657339554333,-66.740767803886257)               (21.227918367795610,519.75324995876758)               (1083.0555917256943,484.41023570384607)               (92.966180074211934,442.87307333696276)             (-448.77016779362384,-1980.2619964620308)
               (0.0000000000000000,0.0000000000000000)             (-244.34594002430117,-263.89413192578519)               (209.89899740424153,463.14624769276588)             (-263.10023415839191,-69.219142151193807)             (-102.00908320958831,-66.734050237698995)               (21.219833613245100,519.74322884506250)               (1082.9935813570391,484.35399937921625)               (92.954680575769089,442.86637381665105)             (-448.80748088327528,-1980.2943270700143)
               (0.0000000000000000,0.0000000000000000)             (-243.93286591965511,-263.69370886310480)               (209.30879580147484,462.72265289416032)             (-262.29471612051225,-70.166106179691411)             (-101.50915376018793,-67.048951282137224)               (24.907259141782561,517.46275475008929)               (1079.0947528826455,488.81350225618405)               (95.662489005177576,440.68402754770682)             (-460.03852001682571,-1971.6757006719563)
               (0.0000000000000000,0.0000000000000000)             (-243.93279005987347,-263.69369640111631)               (209.32452902289378,462.73235195295069)             (-262.29461814316574,-70.166105627441397)             (-101.51492024153390,-67.048706366681103)               (24.863441582890573,517.46140238968019)               (1079.1442517530968,488.80657295155368)               (95.620910202439745,440.69217947964012)             (-460.21473492179121,-1971.6555103951850)
               (0.0000000000000000,0.0000000000000000)             (-243.93218943301554,-263.69437566810780)               (209.32407397721704,462.73112308753116)             (-262.29435339223846,-70.166532256267573)             (-101.51459539038740,-67.048435964676628)               (24.829868417111129,517.44874182559488)               (1079.1413599665830,488.80430061060270)               (95.586033745035138,440.68863343230851)             (-460.35849809266801,-1971.6876780059501)
               (0.0000000000000000,0.0000000000000000)             (-243.92934571679461,-263.69525874565295)               (209.31515564198548,462.71149936056099)             (-262.29325785300739,-70.167385089673530)             (-101.50910384389090,-67.044539825774777)               (24.811492261076182,517.43357820002325)               (1079.0937135924632,488.77247340187205)               (95.564320890658792,440.67951158701362)             (-460.44172450964652,-1971.7382362086364)
               (0.0000000000000000,0.0000000000000000)             (-243.92376400747662,-263.69387489860787)               (209.30879425972967,462.67084501726731)             (-262.29084176848096,-70.168323437807771)             (-101.50143523218173,-67.034806151273926)               (24.806620622718810,517.42602637702953)               (1079.0289424880648,488.69075996477613)               (95.557351149249371,440.67388413977892)             (-460.46490851044018,-1971.7639218703334)
