  0.459350010613E+00
  0.459378153611E+00
  0.459406296608E+00
  0.459434439606E+00
  0.459462582604E+00
  0.459490725602E+00
  0.459518868600E+00
  0.459547011598E+00
  0.459575154595E+00
  0.459603297593E+00
  0.459631440591E+00
  0.459659583589E+00
  0.459687726587E+00
  0.459715869585E+00
  0.459744012582E+00
  0.459772155580E+00
  0.459800298578E+00
  0.459828441576E+00
  0.459856584574E+00
  0.459884727571E+00
  0.459912870569E+00
  0.459941013567E+00
  0.459969156565E+00
  0.459997299563E+00
  0.460025442561E+00
  0.460053585558E+00
  0.460081728556E+00
  0.460109871554E+00
  0.460138014552E+00
  0.460166157550E+00
  0.460194300548E+00
  0.460222443545E+00
  0.460250586543E+00
  0.460278729541E+00
  0.460306872539E+00
  0.460335015537E+00
  0.460363158535E+00
  0.460391301532E+00
  0.460419444530E+00
  0.460447587528E+00
  0.460475730526E+00
  0.460503873524E+00
  0.460532016522E+00
  0.460560159519E+00
  0.460588302517E+00
  0.460616445515E+00
  0.460644588513E+00
  0.460672731511E+00
  0.460700874509E+00
  0.460729017506E+00
  0.460757160504E+00
  0.460785303502E+00
  0.460813446500E+00
  0.460841589498E+00
  0.460869732496E+00
  0.460897875493E+00
  0.460926018491E+00
  0.460954161489E+00
  0.460982304487E+00
  0.461010447485E+00
  0.461038590483E+00
  0.461066733480E+00
  0.461094876478E+00
  0.461123019476E+00
  0.461151162474E+00
  0.461179305472E+00
  0.461207448470E+00
  0.461235591467E+00
  0.461263734465E+00
  0.461291877463E+00
  0.461320020461E+00
  0.461348163459E+00
  0.461376306457E+00
  0.461404449454E+00
  0.461432592452E+00
  0.461460735450E+00
  0.461488878448E+00
  0.461517021446E+00
  0.461545164444E+00
  0.461573307441E+00
  0.461601450439E+00
  0.461629593437E+00
  0.461657736435E+00
  0.461685879433E+00
  0.461714022431E+00
  0.461742165428E+00
  0.461770308426E+00
  0.461798451424E+00
  0.461826594422E+00
  0.461854737420E+00
  0.461882880418E+00
  0.461911023415E+00
  0.461939166413E+00
  0.461967309411E+00
  0.461995452409E+00
  0.462023595407E+00
  0.462051738405E+00
  0.462079881402E+00
  0.462108024400E+00
  0.462136167398E+00
  0.462164310396E+00
  0.462192453394E+00
  0.462220596392E+00
  0.462248739389E+00
  0.462276882387E+00
  0.462305025385E+00
  0.462333168383E+00
  0.462361311381E+00
  0.462389454379E+00
  0.462417597376E+00
  0.462445740374E+00
  0.462473883372E+00
  0.462502026370E+00
  0.462530169368E+00
  0.462558312366E+00
  0.462586455363E+00
  0.462614598361E+00
  0.462642741359E+00
  0.462670884357E+00
  0.462699027355E+00
  0.462727170353E+00
  0.462755313350E+00
  0.462783456348E+00
  0.462811599346E+00
  0.462839742344E+00
  0.462867885342E+00
  0.462896028340E+00
  0.462924171337E+00
  0.462952314335E+00
  0.462980457333E+00
  0.463008600331E+00
  0.463036743329E+00
  0.463064886327E+00
  0.463093029324E+00
  0.463121172322E+00
  0.463149315320E+00
  0.463177458318E+00
  0.463205601316E+00
  0.463233744313E+00
  0.463261887311E+00
  0.463290030309E+00
  0.463318173307E+00
  0.463346316305E+00
  0.463374459303E+00
  0.463402602300E+00
  0.463430745298E+00
  0.463458888296E+00
  0.463487031294E+00
  0.463515174292E+00
  0.463543317290E+00
  0.463571460287E+00
  0.463599603285E+00
  0.463627746283E+00
  0.463655889281E+00
  0.463684032279E+00
  0.463712175277E+00
  0.463740318274E+00
  0.463768461272E+00
  0.463796604270E+00
  0.463824747268E+00
  0.463852890266E+00
  0.463881033264E+00
  0.463909176261E+00
  0.463937319259E+00
  0.463965462257E+00
  0.463993605255E+00
  0.464021748253E+00
  0.464049891251E+00
  0.464078034248E+00
  0.464106177246E+00
  0.464134320244E+00
  0.464162463242E+00
  0.464190606240E+00
  0.464218749238E+00
  0.464246892235E+00
  0.464275035233E+00
  0.464303178231E+00
  0.464331321229E+00
  0.464359464227E+00
  0.464387607225E+00
  0.464415750222E+00
  0.464443893220E+00
  0.464472036218E+00
  0.464500179216E+00
  0.464528322214E+00
  0.464556465212E+00
  0.464584608209E+00
  0.464612751207E+00
  0.464640894205E+00
  0.464669037203E+00
  0.464697180201E+00
  0.464725323199E+00
  0.464753466196E+00
  0.464781609194E+00
  0.464809752192E+00
  0.464837895190E+00
  0.464866038188E+00
  0.464894181186E+00
  0.464922324183E+00
  0.464950467181E+00
  0.464978610179E+00
  0.465006753177E+00
  0.465034896175E+00
  0.465063039173E+00
  0.465091182170E+00
  0.465119325168E+00
  0.465147468166E+00
  0.465175611164E+00
  0.465203754162E+00
  0.465231897160E+00
  0.465260040157E+00
  0.465288183155E+00
  0.465316326153E+00
  0.465344469151E+00
  0.465372612149E+00
  0.465400755147E+00
  0.465428898144E+00
  0.465457041142E+00
  0.465485184140E+00
  0.465513327138E+00
  0.465541470136E+00
  0.465569613134E+00
  0.465597756131E+00
  0.465625899129E+00
  0.465654042127E+00
  0.465682185125E+00
  0.465710328123E+00
  0.465738471121E+00
  0.465766614118E+00
  0.465794757116E+00
  0.465822900114E+00
  0.465851043112E+00
  0.465879186110E+00
  0.465907329108E+00
  0.465935472105E+00
  0.465963615103E+00
  0.465991758101E+00
  0.466019901099E+00
  0.466048044097E+00
  0.466076187095E+00
  0.466104330092E+00
  0.466132473090E+00
  0.466160616088E+00
  0.466188759086E+00
  0.466216902084E+00
  0.466245045082E+00
  0.466273188079E+00
  0.466301331077E+00
  0.466329474075E+00
  0.466357617073E+00
  0.466385760071E+00
  0.466413903069E+00
  0.466442046066E+00
  0.466470189064E+00
  0.466498332062E+00
  0.466526475060E+00
  0.466554618058E+00
  0.466582761055E+00
  0.466610904053E+00
  0.466639047051E+00
  0.466667190049E+00
  0.466695333047E+00
  0.466723476045E+00
  0.466751619042E+00
  0.466779762040E+00
  0.466807905038E+00
  0.466836048036E+00
  0.466864191034E+00
  0.466892334032E+00
  0.466920477029E+00
  0.466948620027E+00
  0.466976763025E+00
  0.467004906023E+00
  0.467033049021E+00
  0.467061192019E+00
  0.467089335016E+00
  0.467117478014E+00
  0.467145621012E+00
  0.467173764010E+00
  0.467201907008E+00
  0.467230050006E+00
  0.467258193003E+00
  0.467286336001E+00
  0.467314478999E+00
  0.467342621997E+00
  0.467370764995E+00
  0.467398907993E+00
  0.467427050990E+00
  0.467455193988E+00
  0.467483336986E+00
  0.467511479984E+00
  0.467539622982E+00
  0.467567765980E+00
  0.467595908977E+00
  0.467624051975E+00
  0.467652194973E+00
  0.467680337971E+00
  0.467708480969E+00
  0.467736623967E+00
  0.467764766964E+00
  0.467792909962E+00
  0.467821052960E+00
  0.467849195958E+00
  0.467877338956E+00
  0.467905481954E+00
  0.467933624951E+00
  0.467961767949E+00
  0.467989910947E+00
  0.468018053945E+00
  0.468046196943E+00
  0.468074339941E+00
  0.468102482938E+00
  0.468130625936E+00
  0.468158768934E+00
  0.468186911932E+00
  0.468215054930E+00
  0.468243197928E+00
  0.468271340925E+00
  0.468299483923E+00
  0.468327626921E+00
  0.468355769919E+00
  0.468383912917E+00
  0.468412055915E+00
  0.468440198912E+00
  0.468468341910E+00
  0.468496484908E+00
  0.468524627906E+00
  0.468552770904E+00
  0.468580913902E+00
  0.468609056899E+00
  0.468637199897E+00
  0.468665342895E+00
  0.468693485893E+00
  0.468721628891E+00
  0.468749771889E+00
  0.468777914886E+00
  0.468806057884E+00
  0.468834200882E+00
  0.468862343880E+00
  0.468890486878E+00
  0.468918629876E+00
  0.468946772873E+00
  0.468974915871E+00
  0.469003058869E+00
  0.469031201867E+00
  0.469059344865E+00
  0.469087487863E+00
  0.469115630860E+00
  0.469143773858E+00
  0.469171916856E+00
  0.469200059854E+00
  0.469228202852E+00
  0.469256345850E+00
  0.469284488847E+00
  0.469312631845E+00
  0.469340774843E+00
  0.469368917841E+00
  0.469397060839E+00
  0.469425203837E+00
  0.469453346834E+00
  0.469481489832E+00
  0.469509632830E+00
  0.469537775828E+00
  0.469565918826E+00
  0.469594061824E+00
  0.469622204821E+00
  0.469650347819E+00
  0.469678490817E+00
  0.469706633815E+00
  0.469734776813E+00
  0.469762919811E+00
  0.469791062808E+00
  0.469819205806E+00
  0.469847348804E+00
  0.469875491802E+00
  0.469903634800E+00
  0.469931777797E+00
  0.469959920795E+00
  0.469988063793E+00
  0.470016206791E+00
  0.470044349789E+00
  0.470072492787E+00
  0.470100635784E+00
  0.470128778782E+00
  0.470156921780E+00
  0.470185064778E+00
  0.470213207776E+00
  0.470241350774E+00
  0.470269493771E+00
  0.470297636769E+00
  0.470325779767E+00
  0.470353922765E+00
  0.470382065763E+00
