  0.459350010613E+00 -0.233314011414E+00  0.397400630238E+01  0.317795251667E+00
  0.459378153611E+00 -0.232849949431E+00  0.397513622818E+01  0.316716602598E+00
  0.459406296608E+00 -0.232384304902E+00  0.397627096579E+01  0.315623717029E+00
  0.459434439606E+00 -0.231917067346E+00  0.397741054218E+01  0.314516356024E+00
  0.459462582604E+00 -0.231448226073E+00  0.397855498453E+01  0.313394275858E+00
  0.459490725602E+00 -0.230977770195E+00  0.397970432018E+01  0.312257227912E+00
  0.459518868600E+00 -0.230505688614E+00  0.398085857666E+01  0.311104958566E+00
  0.459547011598E+00 -0.230031970029E+00  0.398201778169E+01  0.309937209080E+00
  0.459575154595E+00 -0.229556602935E+00  0.398318196318E+01  0.308753715488E+00
  0.459603297593E+00 -0.229079575618E+00  0.398435114924E+01  0.307554208475E+00
  0.459631440591E+00 -0.228600876161E+00  0.398552536821E+01  0.306338413258E+00
  0.459659583589E+00 -0.228120492440E+00  0.398670464860E+01  0.305106049463E+00
  0.459687726587E+00 -0.227638412123E+00  0.398788901918E+01  0.303856830993E+00
  0.459715869585E+00 -0.227154622674E+00  0.398907850890E+01  0.302590465906E+00
  0.459744012582E+00 -0.226669111348E+00  0.399027314697E+01  0.301306656273E+00
  0.459772155580E+00 -0.226181865196E+00  0.399147296281E+01  0.300005098041E+00
  0.459800298578E+00 -0.225692871059E+00  0.399267798610E+01  0.298685480899E+00
  0.459828441576E+00 -0.225202115573E+00  0.399388824676E+01  0.297347488123E+00
  0.459856584574E+00 -0.224709585166E+00  0.399510377494E+01  0.295990796433E+00
  0.459884727571E+00 -0.224215266060E+00  0.399632460107E+01  0.294615075838E+00
  0.459912870569E+00 -0.223719144270E+00  0.399755075584E+01  0.293219989478E+00
  0.459941013567E+00 -0.223221205602E+00  0.399878227020E+01  0.291805193466E+00
  0.459969156565E+00 -0.222721435657E+00  0.400001917538E+01  0.290370336717E+00
  0.459997299563E+00 -0.222219819830E+00  0.400126150289E+01  0.288915060781E+00
  0.460025442561E+00 -0.221716343306E+00  0.400250928453E+01  0.287438999668E+00
  0.460053585558E+00 -0.221210991066E+00  0.400376255239E+01  0.285941779665E+00
  0.460081728556E+00 -0.220703747883E+00  0.400502133888E+01  0.284423019155E+00
  0.460109871554E+00 -0.220194598326E+00  0.400628567667E+01  0.282882328429E+00
  0.460138014552E+00 -0.219683526753E+00  0.400755559880E+01  0.281319309484E+00
  0.460166157550E+00 -0.219170517322E+00  0.400883113860E+01  0.279733555831E+00
  0.460194300548E+00 -0.218655553979E+00  0.401011232973E+01  0.278124652282E+00
  0.460222443545E+00 -0.218138620468E+00  0.401139920619E+01  0.276492174746E+00
  0.460250586543E+00 -0.217619700328E+00  0.401269180231E+01  0.274835690009E+00
  0.460278729541E+00 -0.217098776889E+00  0.401399015278E+01  0.273154755509E+00
  0.460306872539E+00 -0.216575833280E+00  0.401529429265E+01  0.271448919113E+00
  0.460335015537E+00 -0.216050852421E+00  0.401660425731E+01  0.269717718876E+00
  0.460363158535E+00 -0.215523817032E+00  0.401792008253E+01  0.267960682804E+00
  0.460391301532E+00 -0.214994709624E+00  0.401924180446E+01  0.266177328604E+00
  0.460419444530E+00 -0.214463512508E+00  0.402056945964E+01  0.264367163433E+00
  0.460447587528E+00 -0.213930207788E+00  0.402190308499E+01  0.262529683631E+00
  0.460475730526E+00 -0.213394777365E+00  0.402324271782E+01  0.260664374459E+00
  0.460503873524E+00 -0.212857202939E+00  0.402458839586E+01  0.258770709818E+00
  0.460532016522E+00 -0.212317466003E+00  0.402594015725E+01  0.256848151972E+00
  0.460560159519E+00 -0.211775547850E+00  0.402729804054E+01  0.254896151254E+00
  0.460588302517E+00 -0.211231429569E+00  0.402866208473E+01  0.252914145767E+00
  0.460616445515E+00 -0.210685092049E+00  0.403003232924E+01  0.250901561082E+00
  0.460644588513E+00 -0.210136515974E+00  0.403140881394E+01  0.248857809922E+00
  0.460672731511E+00 -0.209585681827E+00  0.403279157913E+01  0.246782291841E+00
  0.460700874509E+00 -0.209032569890E+00  0.403418066560E+01  0.244674392893E+00
  0.460729017506E+00 -0.208477160244E+00  0.403557611460E+01  0.242533485293E+00
  0.460757160504E+00 -0.207919432769E+00  0.403697796782E+01  0.240358927070E+00
  0.460785303502E+00 -0.207359367143E+00  0.403838626749E+01  0.238150061710E+00
  0.460813446500E+00 -0.206796942843E+00  0.403980105629E+01  0.235906217791E+00
  0.460841589498E+00 -0.206232139149E+00  0.404122237740E+01  0.233626708611E+00
  0.460869732496E+00 -0.205664935137E+00  0.404265027452E+01  0.231310831798E+00
  0.460897875493E+00 -0.205095309685E+00  0.404408479188E+01  0.228957868923E+00
  0.460926018491E+00 -0.204523241471E+00  0.404552597419E+01  0.226567085093E+00
  0.460954161489E+00 -0.203948708972E+00  0.404697386672E+01  0.224137728540E+00
  0.460982304487E+00 -0.203371690468E+00  0.404842851529E+01  0.221669030201E+00
  0.461010447485E+00 -0.202792164037E+00  0.404988996625E+01  0.219160203279E+00
  0.461038590483E+00 -0.202210107560E+00  0.405135826649E+01  0.216610442808E+00
  0.461066733480E+00 -0.201625498718E+00  0.405283346351E+01  0.214018925197E+00
  0.461094876478E+00 -0.201038314993E+00  0.405431560535E+01  0.211384807767E+00
  0.461123019476E+00 -0.200448533668E+00  0.405580474064E+01  0.208707228281E+00
  0.461151162474E+00 -0.199856131827E+00  0.405730091860E+01  0.205985304460E+00
  0.461179305472E+00 -0.199261086355E+00  0.405880418905E+01  0.203218133488E+00
  0.461207448470E+00 -0.198663373940E+00  0.406031460242E+01  0.200404791512E+00
  0.461235591467E+00 -0.198062971069E+00  0.406183220976E+01  0.197544333126E+00
  0.461263734465E+00 -0.197459854030E+00  0.406335706274E+01  0.194635790856E+00
  0.461291877463E+00 -0.196853998914E+00  0.406488921366E+01  0.191678174616E+00
  0.461320020461E+00 -0.196245381612E+00  0.406642871547E+01  0.188670471172E+00
  0.461348163459E+00 -0.195633977815E+00  0.406797562178E+01  0.185611643593E+00
  0.461376306457E+00 -0.195019763015E+00  0.406952998685E+01  0.182500630683E+00
  0.461404449454E+00 -0.194402712507E+00  0.407109186561E+01  0.179336346420E+00
  0.461432592452E+00 -0.193782801383E+00  0.407266131368E+01  0.176117679376E+00
  0.461460735450E+00 -0.193160004537E+00  0.407423838736E+01  0.172843492128E+00
  0.461488878448E+00 -0.192534296663E+00  0.407582314365E+01  0.169512620671E+00
  0.461517021446E+00 -0.191905652254E+00  0.407741564025E+01  0.166123873816E+00
  0.461545164444E+00 -0.191274045601E+00  0.407901593560E+01  0.162676032586E+00
  0.461573307441E+00 -0.190639450797E+00  0.408062408885E+01  0.159167849609E+00
  0.461601450439E+00 -0.190001841731E+00  0.408224015987E+01  0.155598048500E+00
  0.461629593437E+00 -0.189361192092E+00  0.408386420931E+01  0.151965323247E+00
  0.461657736435E+00 -0.188717475366E+00  0.408549629856E+01  0.148268337591E+00
  0.461685879433E+00 -0.188070664835E+00  0.408713648975E+01  0.144505724408E+00
  0.461714022431E+00 -0.187420733578E+00  0.408878484583E+01  0.140676085093E+00
  0.461742165428E+00 -0.186767654473E+00  0.409044143049E+01  0.136777988938E+00
  0.461770308426E+00 -0.186111400190E+00  0.409210630825E+01  0.132809972527E+00
  0.461798451424E+00 -0.185451943195E+00  0.409377954442E+01  0.128770539128E+00
  0.461826594422E+00 -0.184789255748E+00  0.409546120510E+01  0.124658158098E+00
  0.461854737420E+00 -0.184123309904E+00  0.409715135726E+01  0.120471264299E+00
  0.461882880418E+00 -0.183454077509E+00  0.409885006867E+01  0.116208257521E+00
  0.461911023415E+00 -0.182781530201E+00  0.410055740795E+01  0.111867501935E+00
  0.461939166413E+00 -0.182105639410E+00  0.410227344459E+01  0.107447325548E+00
  0.461967309411E+00 -0.181426376355E+00  0.410399824893E+01  0.102946019699E+00
  0.461995452409E+00 -0.180743712044E+00  0.410573189218E+01  0.983618385680E-01
  0.462023595407E+00 -0.180057617276E+00  0.410747444646E+01  0.936929987303E-01
  0.462051738405E+00 -0.179368062633E+00  0.410922598475E+01  0.889376787264E-01
  0.462079881402E+00 -0.178675018486E+00  0.411098658099E+01  0.840940186923E-01
  0.462108024400E+00 -0.177978454990E+00  0.411275630998E+01  0.791601200253E-01
  0.462136167398E+00 -0.177278342084E+00  0.411453524749E+01  0.741340451021E-01
  0.462164310396E+00 -0.176574649490E+00  0.411632347021E+01  0.690138170635E-01
  0.462192453394E+00 -0.175867346710E+00  0.411812105579E+01  0.637974196467E-01
  0.462220596392E+00 -0.175156403028E+00  0.411992808283E+01  0.584827971054E-01
  0.462248739389E+00 -0.174441787505E+00  0.412174463091E+01  0.530678542030E-01
  0.462276882387E+00 -0.173723468978E+00  0.412357078062E+01  0.475504562926E-01
  0.462305025385E+00 -0.173001416064E+00  0.412540661349E+01  0.419284295041E-01
  0.462333168383E+00 -0.172275597150E+00  0.412725221211E+01  0.361995610189E-01
  0.462361311381E+00 -0.171545980397E+00  0.412910766006E+01  0.303615994819E-01
  0.462389454379E+00 -0.170812533738E+00  0.413097304195E+01  0.244122555313E-01
  0.462417597376E+00 -0.170075224874E+00  0.413284844346E+01  0.183492024694E-01
  0.462445740374E+00 -0.169334021275E+00  0.413473395130E+01  0.121700770970E-01
  0.462473883372E+00 -0.168588890175E+00  0.413662965325E+01  0.587248069250E-02
  0.462502026370E+00 -0.167839798573E+00  0.413853563818E+01 -0.546019806632E-03
  0.462530169368E+00 -0.167086713230E+00  0.414045199603E+01 -0.708789043755E-02
  0.462558312366E+00 -0.166329600667E+00  0.414237881786E+01 -0.137556286337E-01
  0.462586455363E+00 -0.165568427163E+00  0.414431619586E+01 -0.205517614066E-01
  0.462614598361E+00 -0.164803158753E+00  0.414626422331E+01 -0.274788433052E-01
  0.462642741359E+00 -0.164033761227E+00  0.414822299467E+01 -0.345394540870E-01
  0.462670884357E+00 -0.163260200123E+00  0.415019260554E+01 -0.417361961166E-01
  0.462699027355E+00 -0.162482440734E+00  0.415217315268E+01 -0.490716914587E-01
  0.462727170353E+00 -0.161700448096E+00  0.415416473404E+01 -0.565485786490E-01
  0.462755313350E+00 -0.160914186992E+00  0.415616744877E+01 -0.641695091052E-01
  0.462783456348E+00 -0.160123621945E+00  0.415818139722E+01 -0.719371431972E-01
  0.462811599346E+00 -0.159328717222E+00  0.416020668097E+01 -0.798541459001E-01
  0.462839742344E+00 -0.158529436823E+00  0.416224340282E+01 -0.879231820464E-01
  0.462867885342E+00 -0.157725744485E+00  0.416429166685E+01 -0.961469111430E-01
  0.462896028340E+00 -0.156917603679E+00  0.416635157837E+01 -0.104527981714E+00
  0.462924171337E+00 -0.156104977601E+00  0.416842324399E+01 -0.113069025190E+00
  0.462952314335E+00 -0.155287829179E+00  0.417050677162E+01 -0.121772649264E+00
  0.462980457333E+00 -0.154466121061E+00  0.417260227046E+01 -0.130641430737E+00
  0.463008600331E+00 -0.153639815618E+00  0.417470985103E+01 -0.139677907814E+00
  0.463036743329E+00 -0.152808874938E+00  0.417682962522E+01 -0.148884571822E+00
  0.463064886327E+00 -0.151973260826E+00  0.417896170624E+01 -0.158263858371E+00
  0.463093029324E+00 -0.151132934797E+00  0.418110620870E+01 -0.167818137896E+00
  0.463121172322E+00 -0.150287858076E+00  0.418326324856E+01 -0.177549705590E+00
  0.463149315320E+00 -0.149437991595E+00  0.418543294321E+01 -0.187460770727E+00
  0.463177458318E+00 -0.148583295987E+00  0.418761541145E+01 -0.197553445345E+00
  0.463205601316E+00 -0.147723731585E+00  0.418981077352E+01 -0.207829732330E+00
  0.463233744313E+00 -0.146859258418E+00  0.419201915109E+01 -0.218291512854E+00
  0.463261887311E+00 -0.145989836209E+00  0.419424066731E+01 -0.228940533215E+00
  0.463290030309E+00 -0.145115424368E+00  0.419647544684E+01 -0.239778391087E+00
  0.463318173307E+00 -0.144235981992E+00  0.419872361579E+01 -0.250806521190E+00
  0.463346316305E+00 -0.143351467862E+00  0.420098530184E+01 -0.262026180447E+00
  0.463374459303E+00 -0.142461840434E+00  0.420326063418E+01 -0.273438432633E+00
  0.463402602300E+00 -0.141567057842E+00  0.420554974356E+01 -0.285044132580E+00
  0.463430745298E+00 -0.140667077890E+00  0.420785276231E+01 -0.296843910013E+00
  0.463458888296E+00 -0.139761858051E+00  0.421016982435E+01 -0.308838153081E+00
  0.463487031294E+00 -0.138851355459E+00  0.421250106521E+01 -0.321026991641E+00
  0.463515174292E+00 -0.137935526912E+00  0.421484662206E+01 -0.333410280459E+00
  0.463543317290E+00 -0.137014328861E+00  0.421720663371E+01 -0.345987582356E+00
  0.463571460287E+00 -0.136087717410E+00  0.421958124065E+01 -0.358758151476E+00
  0.463599603285E+00 -0.135155648312E+00  0.422197058504E+01 -0.371720916788E+00
  0.463627746283E+00 -0.134218076963E+00  0.422437481079E+01 -0.384874465951E+00
  0.463655889281E+00 -0.133274958401E+00  0.422679406350E+01 -0.398217029766E+00
  0.463684032279E+00 -0.132326247297E+00  0.422922849055E+01 -0.411746467277E+00
  0.463712175277E+00 -0.131371897958E+00  0.423167824109E+01 -0.425460251790E+00
  0.463740318274E+00 -0.130411864314E+00  0.423414346606E+01 -0.439355457952E+00
  0.463768461272E+00 -0.129446099924E+00  0.423662431821E+01 -0.453428750059E+00
  0.463796604270E+00 -0.128474557962E+00  0.423912095215E+01 -0.467676371875E+00
  0.463824747268E+00 -0.127497191220E+00  0.424163352434E+01 -0.482094138034E+00
  0.463852890266E+00 -0.126513952098E+00  0.424416219314E+01 -0.496677427316E+00
  0.463881033264E+00 -0.125524792605E+00  0.424670711880E+01 -0.511421177949E+00
  0.463909176261E+00 -0.124529664351E+00  0.424926846351E+01 -0.526319885093E+00
  0.463937319259E+00 -0.123528518546E+00  0.425184639143E+01 -0.541367600752E+00
  0.463965462257E+00 -0.122521305990E+00  0.425444106869E+01 -0.556557936168E+00
  0.463993605255E+00 -0.121507977074E+00  0.425705266342E+01 -0.571884066899E+00
  0.464021748253E+00 -0.120488481774E+00  0.425968134581E+01 -0.587338740675E+00
  0.464049891251E+00 -0.119462769647E+00  0.426232728809E+01 -0.602914288082E+00
  0.464078034248E+00 -0.118430789825E+00  0.426499066456E+01 -0.618602636203E+00
  0.464106177246E+00 -0.117392491011E+00  0.426767165167E+01 -0.634395325140E+00
  0.464134320244E+00 -0.116347821478E+00  0.427037042796E+01 -0.650283527473E+00
  0.464162463242E+00 -0.115296729058E+00  0.427308717418E+01 -0.666258070569E+00
  0.464190606240E+00 -0.114239161146E+00  0.427582207324E+01 -0.682309461659E+00
  0.464218749238E+00 -0.113175064689E+00  0.427857531030E+01 -0.698427915526E+00
  0.464246892235E+00 -0.112104386183E+00  0.428134707275E+01 -0.714603384702E+00
  0.464275035233E+00 -0.111027071671E+00  0.428413755026E+01 -0.730825591871E+00
  0.464303178231E+00 -0.109943066740E+00  0.428694693483E+01 -0.747084064296E+00
  0.464331321229E+00 -0.108852316509E+00  0.428977542078E+01 -0.763368169991E+00
  0.464359464227E+00 -0.107754765636E+00  0.429262320480E+01 -0.779667155284E+00
  0.464387607225E+00 -0.106650358304E+00  0.429549048599E+01 -0.795970183539E+00
  0.464415750222E+00 -0.105539038224E+00  0.429837746589E+01 -0.812266374572E+00
  0.464443893220E+00 -0.104420748626E+00  0.430128434848E+01 -0.828544844488E+00
  0.464472036218E+00 -0.103295432260E+00  0.430421134028E+01 -0.844794745546E+00
  0.464500179216E+00 -0.102163031388E+00  0.430715865029E+01 -0.861005305648E+00
  0.464528322214E+00 -0.101023487784E+00  0.431012649011E+01 -0.877165867189E+00
  0.464556465212E+00 -0.998767427269E-01  0.431311507394E+01 -0.893265924792E+00
  0.464584608209E+00 -0.987227369989E-01  0.431612461859E+01 -0.909295161695E+00
  0.464612751207E+00 -0.975614108829E-01  0.431915534355E+01 -0.925243484441E+00
  0.464640894205E+00 -0.963927041592E-01  0.432220747104E+01 -0.941101055567E+00
  0.464669037203E+00 -0.952165561007E-01  0.432528122598E+01 -0.956858324133E+00
  0.464697180201E+00 -0.940329054722E-01  0.432837683610E+01 -0.972506053759E+00
  0.464725323199E+00 -0.928416905265E-01  0.433149453192E+01 -0.988035348076E+00
  0.464753466196E+00  0.619154245818E+01  0.433463454685E+01 -0.100343767343E+01
  0.464781609194E+00  0.619274898906E+01  0.433779711716E+01 -0.101870487872E+01
  0.464809752192E+00  0.619396327259E+01  0.434098248207E+01 -0.103382921235E+01
  0.464837895190E+00  0.619518537258E+01  0.434419088376E+01 -0.104880333627E+01
  0.464866038188E+00  0.619641535338E+01  0.434742256744E+01 -0.106362033704E+01
  0.464894181186E+00  0.619765327985E+01  0.435067778136E+01 -0.107827373410E+01
  0.464922324183E+00  0.619889921736E+01  0.435395677686E+01 -0.109275748519E+01
  0.464950467181E+00  0.620015323182E+01  0.435725980845E+01 -0.110706598914E+01
  0.464978610179E+00  0.620141538968E+01  0.436058713379E+01 -0.112119408612E+01
  0.465006753177E+00  0.620268575787E+01  0.436393901376E+01 -0.113513705538E+01
  0.465034896175E+00  0.620396440389E+01  0.436731571255E+01 -0.114889061093E+01
  0.465063039173E+00  0.620525139574E+01  0.437071749762E+01 -0.116245089500E+01
  0.465091182170E+00  0.620654680195E+01  0.437414463982E+01  0.510737083742E+01
  0.465119325168E+00  0.620785069156E+01  0.437759741338E+01  0.509420699992E+01
  0.465147468166E+00  0.620916313413E+01  0.438107609600E+01  0.508124552918E+01
  0.465175611164E+00  0.621048419975E+01  0.438458096889E+01  0.506848866907E+01
  0.465203754162E+00  0.621181395900E+01  0.438811231678E+01  0.505593829165E+01
  0.465231897160E+00  0.621315248299E+01  0.439167042801E+01  0.504359591200E+01
  0.465260040157E+00 -0.686854638617E-01  0.439525559458E+01  0.503146270364E+01
  0.465288183155E+00 -0.673291950955E-01  0.439886811218E+01  0.501953951466E+01
  0.465316326153E+00 -0.659639452976E-01  0.440250828022E+01  0.500782688416E+01
  0.465344469151E+00 -0.645896413888E-01  0.440617640196E+01  0.499632505897E+01
  0.465372612149E+00 -0.632062098133E-01  0.440987278447E+01  0.498503401052E+01
  0.465400755147E+00 -0.618135765441E-01  0.441359773874E+01  0.497395345164E+01
  0.465428898144E+00 -0.604116670939E-01  0.441735157971E+01  0.496308285333E+01
  0.465457041142E+00 -0.590004065248E-01  0.442113462634E+01  0.495242146127E+01
  0.465485184140E+00 -0.575797194598E-01  0.442494720167E+01  0.494196831206E+01
  0.465513327138E+00 -0.561495300941E-01  0.442878963282E+01  0.493172224906E+01
  0.465541470136E+00 -0.547097622107E-01  0.443266225113E+01  0.492168193784E+01
  0.465569613134E+00 -0.532603391920E-01  0.443656539215E+01  0.491184588110E+01
  0.465597756131E+00 -0.518011840373E-01  0.444049939574E+01  0.490221243310E+01
  0.465625899129E+00 -0.503322193799E-01  0.444446460609E+01  0.489277981349E+01
  0.465654042127E+00 -0.488533675053E-01  0.444846137181E+01  0.488354612059E+01
  0.465682185125E+00 -0.473645503728E-01  0.445249004598E+01  0.487450934406E+01
  0.465710328123E+00 -0.458656896349E-01  0.445655098620E+01  0.486566737687E+01
  0.465738471121E+00 -0.443567066623E-01  0.446064455466E+01  0.485701802679E+01
  0.465766614118E+00 -0.428375225690E-01  0.446477111821E+01  0.484855902712E+01
  0.465794757116E+00 -0.413080582389E-01  0.446893104839E+01  0.484028804690E+01
  0.465822900114E+00 -0.397682343574E-01  0.447312472153E+01  0.483220270041E+01
  0.465851043112E+00 -0.382179714390E-01  0.447735251878E+01  0.482430055620E+01
  0.465879186110E+00 -0.366571898641E-01  0.448161482621E+01  0.481657914540E+01
  0.465907329108E+00 -0.350858099140E-01  0.448591203482E+01  0.480903596953E+01
  0.465935472105E+00 -0.335037518095E-01  0.449024454067E+01  0.480166850779E+01
  0.465963615103E+00 -0.319109357544E-01  0.449461274489E+01  0.479447422376E+01
  0.465991758101E+00 -0.303072819768E-01  0.449901705376E+01  0.478745057162E+01
  0.466019901099E+00 -0.286927107788E-01  0.450345787879E+01  0.478059500187E+01
  0.466048044097E+00 -0.270671425870E-01  0.450793563679E+01  0.477390496664E+01
  0.466076187095E+00 -0.254304980061E-01  0.451245074989E+01  0.476737792447E+01
  0.466104330092E+00 -0.237826978796E-01  0.451700364567E+01  0.476101134478E+01
  0.466132473090E+00 -0.221236633481E-01  0.452159475717E+01  0.475480271185E+01
  0.466160616088E+00 -0.204533159182E-01  0.452622452300E+01  0.474874952848E+01
  0.466188759086E+00 -0.187715775323E-01  0.453089338737E+01  0.474284931932E+01
  0.466216902084E+00 -0.170783706448E-01  0.453560180019E+01  0.473709963381E+01
  0.466245045082E+00 -0.153736183015E-01  0.454035021713E+01  0.473149804888E+01
  0.466273188079E+00 -0.136572442284E-01  0.454513909965E+01  0.472604217131E+01
  0.466301331077E+00 -0.119291729198E-01  0.454996891514E+01  0.472072963986E+01
  0.466329474075E+00 -0.101893297385E-01  0.455484013689E+01  0.471555812713E+01
  0.466357617073E+00 -0.843764102008E-02  0.455975324427E+01  0.471052534120E+01
  0.466385760071E+00 -0.667403418295E-02  0.456470872269E+01  0.470562902709E+01
  0.466413903069E+00 -0.489843785049E-02  0.456970706374E+01  0.470086696791E+01
  0.466442046066E+00 -0.311078197357E-02  0.457474876523E+01  0.469623698598E+01
  0.466470189064E+00 -0.131099796864E-02  0.457983433124E+01  0.469173694367E+01
  0.466498332062E+00  0.500981138936E-03  0.458496427221E+01  0.468736474413E+01
  0.466526475060E+00  0.232522056136E-02  0.459013910502E+01  0.468311833185E+01
  0.466554618058E+00  0.416178358164E-02  0.459535935298E+01  0.467899569317E+01
  0.466582761055E+00  0.601073138229E-02  0.460062554599E+01  0.467499485654E+01
  0.466610904053E+00  0.787212285550E-02  0.460593822054E+01  0.467111389279E+01
  0.466639047051E+00  0.974601440433E-02  0.461129791978E+01  0.466735091526E+01
  0.466667190049E+00  0.116324597299E-01  0.461670519360E+01  0.466370407981E+01
  0.466695333047E+00  0.135315096013E-01  0.462216059866E+01  0.466017158478E+01
  0.466723476045E+00  0.154432116162E-01  0.462766469848E+01  0.465675167089E+01
  0.466751619042E+00  0.173676099384E-01  0.463321806348E+01  0.465344262108E+01
  0.466779762040E+00  0.193047450209E-01  0.463882127104E+01  0.465024276022E+01
  0.466807905038E+00  0.212546533096E-01  0.464447490554E+01  0.464715045483E+01
  0.466836048036E+00  0.232173669229E-01  0.465017955843E+01  0.464416411280E+01
  0.466864191034E+00  0.251929133165E-01  0.465593582826E+01  0.464128218293E+01
  0.466892334032E+00  0.271813149171E-01  0.466174432075E+01  0.463850315458E+01
  0.466920477029E+00  0.291825887338E-01  0.466760564881E+01  0.463582555717E+01
  0.466948620027E+00  0.311967459418E-01  0.467352043261E+01  0.463324795976E+01
  0.466976763025E+00  0.332237914361E-01  0.467948929960E+01  0.463076897052E+01
  0.467004906023E+00  0.352637233508E-01  0.468551288456E+01  0.462838723623E+01
  0.467033049021E+00  0.373165325491E-01  0.469159182959E+01  0.462610144172E+01
  0.467061192019E+00  0.393822020711E-01  0.469772678423E+01  0.462391030937E+01
  0.467089335016E+00  0.414607065422E-01  0.470391840540E+01  0.462181259850E+01
  0.467117478014E+00  0.435520115398E-01  0.471016735746E+01  0.461980710486E+01
  0.467145621012E+00  0.456560729076E-01  0.471647431224E+01  0.461789265999E+01
  0.467173764010E+00  0.477728360266E-01  0.472283994903E+01  0.461606813070E+01
  0.467201907008E+00  0.499022350229E-01  0.472926495460E+01  0.461433241848E+01
  0.467230050006E+00  0.520441919183E-01  0.473575002323E+01  0.461268445889E+01
  0.467258193003E+00  0.541986157162E-01  0.474229585667E+01  0.461112322101E+01
  0.467286336001E+00  0.563654014114E-01  0.474890316414E+01  0.460964770683E+01
  0.467314478999E+00  0.585444289296E-01  0.475557266239E+01  0.460825695072E+01
  0.467342621997E+00  0.607355619759E-01  0.476230507557E+01  0.460695001883E+01
  0.467370764995E+00  0.629386467933E-01  0.476910113530E+01  0.460572600850E+01
  0.467398907993E+00  0.651535108209E-01  0.477596158062E+01  0.460458404776E+01
  0.467427050990E+00  0.673799612380E-01  0.478288715790E+01  0.460352329472E+01
  0.467455193988E+00  0.696177833953E-01 -0.149330668630E+01  0.460254293704E+01
  0.467483336986E+00  0.718667391064E-01 -0.148624857661E+01  0.460164219139E+01
  0.467511479984E+00  0.741265647978E-01 -0.147912305197E+01  0.460082030294E+01
  0.467539622982E+00  0.763969694998E-01 -0.147192933701E+01  0.460007654479E+01
  0.467567765980E+00  0.786776326591E-01 -0.146466664926E+01  0.459941021751E+01
  0.467595908977E+00  0.809682017667E-01 -0.145733419925E+01  0.459882064856E+01
  0.467624051975E+00  0.832682897647E-01 -0.144993119062E+01  0.459830719188E+01
  0.467652194973E+00  0.855774722239E-01 -0.144245682022E+01  0.459786922733E+01
  0.467680337971E+00  0.878952842617E-01 -0.143491027821E+01  0.459750616026E+01
  0.467708480969E+00  0.902212171734E-01 -0.142729074819E+01  0.459721742101E+01
  0.467736623967E+00  0.925547147434E-01 -0.141959740736E+01  0.459700246444E+01
  0.467764766964E+00  0.948951692105E-01 -0.141182942665E+01  0.459686076953E+01
  0.467792909962E+00  0.972419168344E-01 -0.140398597088E+01  0.459679183889E+01
  0.467821052960E+00  0.995942330297E-01 -0.139606619894E+01  0.459679519835E+01
  0.467849195958E+00  0.101951327012E+00 -0.138806926400E+01  0.459687039653E+01
  0.467877338956E+00  0.104312335899E+00 -0.137999431367E+01  0.459701700442E+01
  0.467905481954E+00  0.106676318206E+00 -0.137184049027E+01  0.459723461500E+01
  0.467933624951E+00  0.109042246656E+00 -0.136360693101E+01  0.459752284280E+01
  0.467961767949E+00  0.111409000226E+00 -0.135529276829E+01  0.459788132355E+01
  0.467989910947E+00  0.113775355324E+00 -0.134689712992E+01  0.459830971378E+01
  0.468018053945E+00  0.116139975996E+00 -0.133841913945E+01  0.459880769045E+01
  0.468046196943E+00  0.118501403036E+00 -0.132985791643E+01  0.459937495059E+01
  0.468074339941E+00  0.120858041844E+00 -0.132121257674E+01  0.460001121094E+01
  0.468102482938E+00  0.123208148865E+00 -0.131248223295E+01  0.460071620760E+01
  0.468130625936E+00  0.125549816425E+00 -0.130366599464E+01  0.460148969567E+01
  0.468158768934E+00  0.127880955724E+00 -0.129476296881E+01  0.460233144894E+01
  0.468186911932E+00  0.130199277726E+00 -0.128577226026E+01  0.460324125954E+01
  0.468215054930E+00  0.132502271642E+00 -0.127669297200E+01  0.460421893763E+01
  0.468243197928E+00  0.134787180640E+00 -0.126752420572E+01  0.460526431104E+01
  0.468271340925E+00  0.137050974356E+00 -0.125826506224E+01  0.460637722503E+01
  0.468299483923E+00  0.139290317712E+00 -0.124891464199E+01  0.460755754189E+01
  0.468327626921E+00  0.141501535453E+00 -0.123947204551E+01  0.460880514071E+01
  0.468355769919E+00  0.143680571684E+00 -0.122993637401E+01  0.461011991702E+01
  0.468383912917E+00  0.145822943593E+00 -0.122030672993E+01  0.461150178253E+01
  0.468412055915E+00  0.147923688344E+00 -0.121058221750E+01  0.461295066483E+01
  0.468440198912E+00  0.149977301949E+00 -0.120076194334E+01  0.461446650708E+01
  0.468468341910E+00  0.151977668664E+00 -0.119084501717E+01  0.461604926773E+01
  0.468496484908E+00  0.153917979166E+00 -0.118083055238E+01  0.461769892023E+01
  0.468524627906E+00  0.155790635366E+00 -0.117071766678E+01  0.461941545275E+01
  0.468552770904E+00  0.157587139255E+00 -0.116050548331E+01  0.462119886788E+01
  0.468580913902E+00  0.159297962577E+00 -0.115019313075E+01  0.462304918237E+01
  0.468609056899E+00  0.160912393357E+00 -0.113977974456E+01 -0.165821888038E+01
  0.468637199897E+00  0.162418354371E+00 -0.112926446760E+01 -0.165623466182E+01
  0.468665342895E+00  0.163802187391E+00 -0.111864645104E+01 -0.165418341168E+01
  0.468693485893E+00  0.165048395457E+00 -0.110792485518E+01 -0.165206505950E+01
  0.468721628891E+00  0.166139333366E+00 -0.109709885033E+01 -0.164987952210E+01
  0.468749771889E+00  0.167054833851E+00 -0.108616761775E+01 -0.164762670392E+01
  0.468777914886E+00  0.167771753384E+00 -0.107513035060E+01 -0.164530649722E+01
  0.468806057884E+00  0.168263416734E+00 -0.106398625489E+01 -0.164291878246E+01
  0.468834200882E+00  0.168498933081E+00 -0.105273455050E+01 -0.164046342859E+01
  0.468862343880E+00  0.168442347802E+00 -0.104137447223E+01 -0.163794029332E+01
  0.468890486878E+00  0.168051582166E+00 -0.102990527082E+01 -0.163534922344E+01
  0.468918629876E+00  0.167277096756E+00 -0.101832621406E+01 -0.163269005518E+01
  0.468946772873E+00  0.166060191324E+00 -0.100663658792E+01 -0.162996261447E+01
  0.468974915871E+00  0.164330821072E+00 -0.994835697663E+00 -0.162716671732E+01
  0.469003058869E+00  0.162004762139E+00 -0.982922869010E+00 -0.162430217013E+01
  0.469031201867E+00  0.158979890216E+00 -0.970897449347E+00 -0.162136877003E+01
  0.469059344865E+00  0.155131234002E+00 -0.958758808939E+00 -0.161836630525E+01
  0.469087487863E+00  0.150304310991E+00 -0.946506342145E+00 -0.161529455549E+01
  0.469115630860E+00  0.144306016229E+00 -0.934139468686E+00 -0.161215329223E+01
  0.469143773858E+00  0.136891963590E+00 -0.921657634921E+00 -0.160894227921E+01
  0.469171916856E+00  0.127748585690E+00 -0.909060315131E+00 -0.160566127275E+01
  0.469200059854E+00  0.116467328165E+00 -0.896347012846E+00 -0.160231002215E+01
  0.469228202852E+00  0.102506649492E+00 -0.883517262146E+00 -0.159888827017E+01
  0.469256345850E+00  0.851347516428E-01 -0.870570629005E+00 -0.159539575338E+01
  0.469284488847E+00  0.633410728269E-01 -0.857506712641E+00 -0.159183220268E+01
  0.469312631845E+00  0.356957899981E-01 -0.844325146859E+00 -0.158819734369E+01
  0.469340774843E+00  0.120592574578E-03 -0.831025601429E+00 -0.158449089726E+01
  0.469368917841E+00 -0.464949303389E-01 -0.817607783421E+00 -0.158071257994E+01
  0.469397060839E+00 -0.108946079932E+00 -0.804071438586E+00 -0.157686210450E+01
  0.469425203837E+00 -0.194812800572E+00 -0.790416352708E+00 -0.157293918043E+01
  0.469453346834E+00 -0.316145212338E+00 -0.776642352957E+00 -0.156894351448E+01
  0.469481489832E+00 -0.491048027583E+00 -0.762749309252E+00 -0.156487481122E+01
  0.469509632830E+00  0.554289790937E+01 -0.748737135566E+00 -0.156073277363E+01
  0.469537775828E+00  0.521803469339E+01 -0.734605791266E+00 -0.155651710363E+01
  0.469565918826E+00  0.487013428708E+01 -0.720355282409E+00 -0.155222750279E+01
  0.469594061824E+00  0.457499320212E+01 -0.705985663019E+00 -0.154786367285E+01
  0.469622204821E+00  0.435997938061E+01 -0.691497036360E+00 -0.154342531647E+01
  0.469650347819E+00  0.421098567708E+01 -0.676889556132E+00 -0.153891213784E+01
  0.469678490817E+00  0.410717085488E+01 -0.662163427689E+00 -0.153432384340E+01
  0.469706633815E+00  0.403310338315E+01 -0.647318909194E+00 -0.152966014255E+01
  0.469734776813E+00  0.397888559549E+01 -0.632356312733E+00 -0.152492074840E+01
  0.469762919811E+00  0.393830155666E+01 -0.617276005396E+00 -0.152010537851E+01
  0.469791062808E+00  0.390738121178E+01 -0.602078410323E+00 -0.151521375570E+01
  0.469819205806E+00  0.388351686082E+01 -0.586764007656E+00 -0.151024560884E+01
  0.469847348804E+00  0.386494377330E+01 -0.571333335489E+00 -0.150520067369E+01
  0.469875491802E+00  0.385043333615E+01 -0.555786990735E+00 -0.150007869376E+01
  0.469903634800E+00  0.383910778884E+01 -0.540125629930E+00 -0.149487942117E+01
  0.469931777797E+00  0.383032533412E+01 -0.524349970007E+00 -0.148960261759E+01
  0.469959920795E+00  0.382360691598E+01 -0.508460788945E+00 -0.148424805511E+01
  0.469988063793E+00  0.381858831669E+01 -0.492458926405E+00 -0.147881551724E+01
  0.470016206791E+00  0.381498804633E+01 -0.476345284266E+00 -0.147330479988E+01
  0.470044349789E+00  0.381258533237E+01 -0.460120827091E+00 -0.146771571228E+01
  0.470072492787E+00  0.381120472172E+01 -0.443786582541E+00 -0.146204807809E+01
  0.470100635784E+00  0.381070510650E+01 -0.427343641654E+00 -0.145630173637E+01
  0.470128778782E+00  0.381097176901E+01 -0.410793159106E+00 -0.145047654271E+01
  0.470156921780E+00  0.381191052536E+01 -0.394136353354E+00 -0.144457237024E+01
  0.470185064778E+00  0.381344335246E+01 -0.377374506706E+00 -0.143858911076E+01
  0.470213207776E+00  0.381550508001E+01 -0.360508965324E+00 -0.143252667590E+01
  0.470241350774E+00  0.381804085804E+01 -0.343541139100E+00 -0.142638499818E+01
  0.470269493771E+00  0.382100419665E+01 -0.326472501493E+00 -0.142016403221E+01
  0.470297636769E+00  0.382435543302E+01 -0.309304589253E+00 -0.141386375586E+01
  0.470325779767E+00  0.382806052137E+01 -0.292039002073E+00 -0.140748417141E+01
  0.470353922765E+00  0.383209006919E+01 -0.274677402171E+00 -0.140102530677E+01
  0.470382065763E+00  0.383641856340E+01 -0.257221513738E+00 -0.139448721665E+01
