  0.580294543795E+00
  0.582074588408E+00
  0.583854633021E+00
  0.585634677634E+00
  0.587414722247E+00
  0.589194766860E+00
  0.590974811472E+00
  0.592754856085E+00
  0.594534900698E+00
  0.596314945311E+00
  0.598094989924E+00
  0.599875034537E+00
  0.601655079150E+00
  0.603435123763E+00
  0.605215168375E+00
  0.606995212988E+00
  0.608775257601E+00
  0.610555302214E+00
  0.612335346827E+00
  0.614115391440E+00
  0.615895436053E+00
  0.617675480666E+00
  0.619455525278E+00
  0.621235569891E+00
  0.623015614504E+00
  0.624795659117E+00
  0.626575703730E+00
  0.628355748343E+00
  0.630135792956E+00
  0.631915837568E+00
  0.633695882181E+00
