   6.4344307640277876E-002
   6.4372450638107870E-002
   6.4400593635937864E-002
   6.4428736633767913E-002
   6.4456879631597908E-002
   6.4485022629437894E-002
   6.4513165627267888E-002
   6.4541308625097882E-002
   6.4569451622927876E-002
   6.4597594620757870E-002
   6.4625737618597912E-002
   6.4653880616427906E-002
   6.4682023614257900E-002
   6.4710166612087894E-002
   6.4738309609917888E-002
   6.4766452607757874E-002
   6.4794595605587868E-002
   6.4822738603417918E-002
   6.4850881601247912E-002
   6.4879024599077906E-002
   6.4907167596907900E-002
   6.4935310594747886E-002
   6.4963453592577880E-002
   6.4991596590407874E-002
   6.5019739588237868E-002
   6.5047882586067918E-002
   6.5076025583907904E-002
   6.5104168581737898E-002
   6.5132311579567892E-002
   6.5160454577397886E-002
   6.5188597575227880E-002
   6.5216740573067866E-002
   6.5244883570897916E-002
   6.5273026568727910E-002
   6.5301169566557904E-002
   6.5329312564387898E-002
   6.5357455562227884E-002
   6.5385598560057878E-002
   6.5413741557887872E-002
   6.5441884555717866E-002
   6.5470027553547916E-002
   6.5498170551387902E-002
   6.5526313549217896E-002
   6.5554456547047890E-002
   6.5582599544877884E-002
   6.5610742542707878E-002
   6.5638885540537872E-002
   6.5667028538377914E-002
   6.5695171536207908E-002
   6.5723314534037902E-002
   6.5751457531867896E-002
   6.5779600529697890E-002
   6.5807743527537876E-002
   6.5835886525367870E-002
   6.5864029523197865E-002
   6.5892172521027914E-002
   6.5920315518857908E-002
   6.5948458516697894E-002
   6.5976601514527888E-002
   6.6004744512357882E-002
   6.6032887510187877E-002
   6.6061030508017871E-002
   6.6089173505857912E-002
   6.6117316503687906E-002
   6.6145459501517900E-002
   6.6173602499347894E-002
   6.6201745497177888E-002
   6.6229888495017875E-002
   6.6258031492847869E-002
   6.6286174490677918E-002
   6.6314317488507912E-002
   6.6342460486337906E-002
   6.6370603484167900E-002
   6.6398746482007887E-002
   6.6426889479837881E-002
   6.6455032477667875E-002
   6.6483175475497869E-002
   6.6511318473327918E-002
   6.6539461471167904E-002
   6.6567604468997899E-002
   6.6595747466827893E-002
   6.6623890464657887E-002
   6.6652033462487881E-002
   6.6680176460327867E-002
   6.6708319458157916E-002
   6.6736462455987910E-002
   6.6764605453817905E-002
   6.6792748451647899E-002
   6.6820891449487885E-002
   6.6849034447317879E-002
   6.6877177445147873E-002
   6.6905320442977867E-002
   6.6933463440807917E-002
   6.6961606438637911E-002
   6.6989749436477897E-002
   6.7017892434307891E-002
   6.7046035432137885E-002
   6.7074178429967879E-002
   6.7102321427797873E-002
   6.7130464425637915E-002
   6.7158607423467909E-002
   6.7186750421297903E-002
   6.7214893419127897E-002
   6.7243036416957891E-002
   6.7271179414797877E-002
   6.7299322412627871E-002
   6.7327465410457865E-002
   6.7355608408287915E-002
   6.7383751406117909E-002
   6.7411894403957895E-002
   6.7440037401787889E-002
   6.7468180399617883E-002
   6.7496323397447877E-002
   6.7524466395277871E-002
   6.7552609393117913E-002
   6.7580752390947907E-002
   6.7608895388777901E-002
   6.7637038386607895E-002
   6.7665181384437889E-002
   6.7693324382267883E-002
   6.7721467380107869E-002
   6.7749610377937863E-002
   6.7777753375767913E-002
   6.7805896373597907E-002
   6.7834039371427901E-002
   6.7862182369267887E-002
   6.7890325367097881E-002
   6.7918468364927875E-002
   6.7946611362757869E-002
   6.7974754360587863E-002
   6.8002897358427905E-002
   6.8031040356257899E-002
   6.8059183354087893E-002
   6.8087326351917887E-002
   6.8115469349747881E-002
   6.8143612347587867E-002
   6.8171755345417917E-002
   6.8199898343247911E-002
   6.8228041341077905E-002
   6.8256184338907899E-002
   6.8284327336747885E-002
   6.8312470334577879E-002
   6.8340613332407874E-002
   6.8368756330237868E-002
   6.8396899328067917E-002
   6.8425042325897911E-002
   6.8453185323737897E-002
   6.8481328321567891E-002
   6.8509471319397885E-002
   6.8537614317227880E-002
   6.8565757315057874E-002
   6.8593900312897915E-002
   6.8622043310727909E-002
   6.8650186308557903E-002
   6.8678329306387897E-002
   6.8706472304217892E-002
   6.8734615302057878E-002
   6.8762758299887872E-002
   6.8790901297717866E-002
   6.8819044295547915E-002
   6.8847187293377909E-002
   6.8875330291217896E-002
   6.8903473289047890E-002
   6.8931616286877884E-002
   6.8959759284707878E-002
   6.8987902282537872E-002
   6.9016045280377913E-002
   6.9044188278207907E-002
   6.9072331276037902E-002
   6.9100474273867896E-002
   6.9128617271697890E-002
   6.9156760269527884E-002
   6.9184903267367870E-002
   6.9213046265197864E-002
   6.9241189263027914E-002
   6.9269332260857908E-002
   6.9297475258687902E-002
   6.9325618256527888E-002
   6.9353761254357882E-002
   6.9381904252187876E-002
   6.9410047250017870E-002
   6.9438190247847864E-002
   6.9466333245687906E-002
   6.9494476243517900E-002
   6.9522619241347894E-002
   6.9550762239177888E-002
   6.9578905237007882E-002
   6.9607048234847868E-002
   6.9635191232677918E-002
   6.9663334230507912E-002
   6.9691477228337906E-002
   6.9719620226167900E-002
   6.9747763224007886E-002
   6.9775906221837880E-002
   6.9804049219667874E-002
   6.9832192217497868E-002
   6.9860335215327918E-002
   6.9888478213157912E-002
   6.9916621210997898E-002
   6.9944764208827892E-002
   6.9972907206657886E-002
   7.0001050204487880E-002
   7.0029193202317874E-002
   7.0057336200157916E-002
   7.0085479197987910E-002
   7.0113622195817904E-002
   7.0141765193647898E-002
   7.0169908191477892E-002
   7.0198051189317878E-002
   7.0226194187147872E-002
   7.0254337184977866E-002
   7.0282480182807916E-002
   7.0310623180637910E-002
   7.0338766178477896E-002
   7.0366909176307890E-002
   7.0395052174137884E-002
   7.0423195171967878E-002
   7.0451338169797872E-002
   7.0479481167627867E-002
   7.0507624165467908E-002
   7.0535767163297902E-002
   7.0563910161127896E-002
   7.0592053158957890E-002
   7.0620196156787884E-002
   7.0648339154627871E-002
   7.0676482152457865E-002
   7.0704625150287914E-002
   7.0732768148117908E-002
   7.0760911145947902E-002
   7.0789054143787888E-002
   7.0817197141617882E-002
   7.0845340139447877E-002
   7.0873483137277871E-002
   7.0901626135107865E-002
   7.0929769132947906E-002
   7.0957912130777900E-002
   7.0986055128607894E-002
   7.1014198126437889E-002
   7.1042341124267883E-002
   7.1070484122107869E-002
   7.1098627119937918E-002
   7.1126770117767912E-002
   7.1154913115597906E-002
   7.1183056113427901E-002
   7.1211199111257895E-002
   7.1239342109097881E-002
   7.1267485106927875E-002
   7.1295628104757869E-002
   7.1323771102587863E-002
   7.1351914100417912E-002
   7.1380057098257899E-002
   7.1408200096087893E-002
   7.1436343093917887E-002
   7.1464486091747881E-002
   7.1492629089577875E-002
   7.1520772087417916E-002
   7.1548915085247911E-002
   7.1577058083077905E-002
   7.1605201080907899E-002
   7.1633344078737893E-002
   7.1661487076577879E-002
   7.1689630074407873E-002
   7.1717773072237867E-002
   7.1745916070067917E-002
   7.1774059067897911E-002
   7.1802202065737897E-002
   7.1830345063567891E-002
   7.1858488061397885E-002
   7.1886631059227879E-002
   7.1914774057057873E-002
   7.1942917054887867E-002
   7.1971060052727909E-002
   7.1999203050557903E-002
   7.2027346048387897E-002
   7.2055489046217891E-002
   7.2083632044047885E-002
   7.2111775041887871E-002
   7.2139918039717865E-002
   7.2168061037547915E-002
   7.2196204035377909E-002
   7.2224347033207903E-002
   7.2252490031047889E-002
   7.2280633028877883E-002
   7.2308776026707877E-002
   7.2336919024537871E-002
   7.2365062022367865E-002
   7.2393205020207907E-002
   7.2421348018037901E-002
   7.2449491015867895E-002
   7.2477634013697889E-002
   7.2505777011527883E-002
   7.2533920009367869E-002
   7.2562063007197863E-002
   7.2590206005027913E-002
   7.2618349002857907E-002
   7.2646492000687901E-002
   7.2674634998517895E-002
   7.2702777996357881E-002
   7.2730920994187875E-002
   7.2759063992017869E-002
   7.2787206989847864E-002
   7.2815349987677913E-002
   7.2843492985517899E-002
   7.2871635983347893E-002
   7.2899778981177887E-002
   7.2927921979007881E-002
   7.2956064976837876E-002
   7.2984207974677917E-002
   7.3012350972507911E-002
   7.3040493970337905E-002
   7.3068636968167899E-002
   7.3096779965997893E-002
   7.3124922963837879E-002
   7.3153065961667874E-002
   7.3181208959497868E-002
   7.3209351957327917E-002
   7.3237494955157911E-002
   7.3265637952997897E-002
   7.3293780950827891E-002
   7.3321923948657886E-002
   7.3350066946487880E-002
   7.3378209944317874E-002
   7.3406352942147868E-002
   7.3434495939987909E-002
   7.3462638937817903E-002
   7.3490781935647898E-002
   7.3518924933477892E-002
   7.3547067931307886E-002
   7.3575210929147872E-002
   7.3603353926977866E-002
   7.3631496924807915E-002
   7.3659639922637909E-002
   7.3687782920467904E-002
   7.3715925918307890E-002
   7.3744068916137884E-002
   7.3772211913967878E-002
   7.3800354911797872E-002
   7.3828497909627866E-002
   7.3856640907467908E-002
   7.3884783905297902E-002
   7.3912926903127896E-002
   7.3941069900957890E-002
   7.3969212898787884E-002
   7.3997355896617878E-002
   7.4025498894457864E-002
   7.4053641892287914E-002
   7.4081784890117908E-002
   7.4109927887947902E-002
   7.4138070885777896E-002
   7.4166213883617882E-002
   7.4194356881447876E-002
   7.4222499879277870E-002
   7.4250642877107864E-002
   7.4278785874937914E-002
   7.4306928872777900E-002
   7.4335071870607894E-002
   7.4363214868437888E-002
   7.4391357866267882E-002
   7.4419500864097876E-002
   7.4447643861937918E-002
   7.4475786859767912E-002
   7.4503929857597906E-002
   7.4532072855427900E-002
   7.4560215853257894E-002
   7.4588358851097880E-002
   7.4616501848927874E-002
   7.4644644846757868E-002
   7.4672787844587918E-002
   7.4700930842417912E-002
   7.4729073840247906E-002
   7.4757216838087892E-002
   7.4785359835917886E-002
   7.4813502833747880E-002
   7.4841645831577874E-002
   7.4869788829407868E-002
   7.4897931827247910E-002
   7.4926074825077904E-002
   7.4954217822907898E-002
   7.4982360820737892E-002
   7.5010503818567886E-002
   7.5038646816407872E-002
   7.5066789814237866E-002
   7.5094932812067916E-002
   7.5123075809897910E-002
   7.5151218807727904E-002
   7.5179361805567890E-002
   7.5207504803397884E-002
   7.5235647801227878E-002
   7.5263790799057873E-002
   7.5291933796887867E-002
   7.5320076794727908E-002
   7.5348219792557902E-002
   7.5376362790387896E-002
