   0.00000000       1.40729797       1.11003554       1.40729797       1.11003554      -2.90685439       1.11003554      -2.90685439      -2.88633871    
   0.00000000       1.40724576       1.10997820       1.40724576       1.10997820      -2.90679193       1.10997820      -2.90679193      -2.88627362    
   0.00000000       1.40719354       1.10992086       1.40719354       1.10992086      -2.90672922       1.10992086      -2.90672922      -2.88620853    
   0.00000000       1.40714133       1.10986364       1.40714133       1.10986364      -2.90666676       1.10986364      -2.90666676      -2.88614345    
   0.00000000       1.40708911       1.10980630       1.40708911       1.10980630      -2.90660405       1.10980630      -2.90660405      -2.88607836    
   0.00000000       1.40703690       1.10974896       1.40703690       1.10974896      -2.90654159       1.10974896      -2.90654159      -2.88601303    
   0.00000000       1.40698469       1.10969162       1.40698469       1.10969162      -2.90647888       1.10969162      -2.90647888      -2.88594794    
   0.00000000       1.40693247       1.10963428       1.40693247       1.10963428      -2.90641642       1.10963428      -2.90641642      -2.88588285    
   0.00000000       1.40688026       1.10957706       1.40688026       1.10957706      -2.90635371       1.10957706      -2.90635371      -2.88581777    
   0.00000000       1.40682817       1.10951972       1.40682817       1.10951972      -2.90629101       1.10951972      -2.90629101      -2.88575244    
   0.00000000       1.40677595       1.10946238       1.40677595       1.10946238      -2.90622830       1.10946238      -2.90622830      -2.88568735    
   0.00000000       1.40672374       1.10940516       1.40672374       1.10940516      -2.90616584       1.10940516      -2.90616584      -2.88562226    
   0.00000000       1.40667152       1.10934782       1.40667152       1.10934782      -2.90610313       1.10934782      -2.90610313      -2.88555694    
   0.00000000       1.40661943       1.10929060       1.40661943       1.10929060      -2.90604043       1.10929060      -2.90604043      -2.88549185    
   0.00000000       1.40656722       1.10923326       1.40656722       1.10923326      -2.90597773       1.10923326      -2.90597773      -2.88542652    
   0.00000000       1.40651500       1.10917592       1.40651500       1.10917592      -2.90591502       1.10917592      -2.90591502      -2.88536143    
   0.00000000       1.40646291       1.10911870       1.40646291       1.10911870      -2.90585232       1.10911870      -2.90585232      -2.88529611    
   0.00000000       1.40641069       1.10906148       1.40641069       1.10906148      -2.90578961       1.10906148      -2.90578961      -2.88523102    
   0.00000000       1.40635848       1.10900414       1.40635848       1.10900414      -2.90572691       1.10900414      -2.90572691      -2.88516569    
   0.00000000       1.40630639       1.10894692       1.40630639       1.10894692      -2.90566421       1.10894692      -2.90566421      -2.88510060    
   0.00000000       1.40625417       1.10888958       1.40625417       1.10888958      -2.90560150       1.10888958      -2.90560150      -2.88503528    
   0.00000000       1.40620208       1.10883236       1.40620208       1.10883236      -2.90553880       1.10883236      -2.90553880      -2.88496995    
   0.00000000       1.40614986       1.10877514       1.40614986       1.10877514      -2.90547609       1.10877514      -2.90547609      -2.88490462    
   0.00000000       1.40609777       1.10871780       1.40609777       1.10871780      -2.90541315       1.10871780      -2.90541315      -2.88483953    
   0.00000000       1.40604556       1.10866058       1.40604556       1.10866058      -2.90535045       1.10866058      -2.90535045      -2.88477421    
   0.00000000       1.40599346       1.10860336       1.40599346       1.10860336      -2.90528774       1.10860336      -2.90528774      -2.88470888    
   0.00000000       1.40594125       1.10854614       1.40594125       1.10854614      -2.90522504       1.10854614      -2.90522504      -2.88464355    
   0.00000000       1.40588915       1.10848892       1.40588915       1.10848892      -2.90516210       1.10848892      -2.90516210      -2.88457823    
   0.00000000       1.40583694       1.10843170       1.40583694       1.10843170      -2.90509939       1.10843170      -2.90509939      -2.88451290    
   0.00000000       1.40578485       1.10837436       1.40578485       1.10837436      -2.90503645       1.10837436      -2.90503645      -2.88444757    
   0.00000000       1.40573275       1.10831714       1.40573275       1.10831714      -2.90497375       1.10831714      -2.90497375      -2.88438225    
   0.00000000       1.40568054       1.10825992       1.40568054       1.10825992      -2.90491080       1.10825992      -2.90491080      -2.88431692    
   0.00000000       1.40562844       1.10820270       1.40562844       1.10820270      -2.90484810       1.10820270      -2.90484810      -2.88425159    
   0.00000000       1.40557635       1.10814548       1.40557635       1.10814548      -2.90478516       1.10814548      -2.90478516      -2.88418627    
   0.00000000       1.40552425       1.10808825       1.40552425       1.10808825      -2.90472245       1.10808825      -2.90472245      -2.88412094    
   0.00000000       1.40547204       1.10803103       1.40547204       1.10803103      -2.90465951       1.10803103      -2.90465951      -2.88405561    
   0.00000000       1.40541995       1.10797393       1.40541995       1.10797393      -2.90459657       1.10797393      -2.90459657      -2.88399029    
   0.00000000       1.40536785       1.10791671       1.40536785       1.10791671      -2.90453386       1.10791671      -2.90453386      -2.88392496    
   0.00000000       1.40531576       1.10785949       1.40531576       1.10785949      -2.90447092       1.10785949      -2.90447092      -2.88385940    
   0.00000000       1.40526366       1.10780227       1.40526366       1.10780227      -2.90440798       1.10780227      -2.90440798      -2.88379407    
   0.00000000       1.40521145       1.10774505       1.40521145       1.10774505      -2.90434504       1.10774505      -2.90434504      -2.88372874    
   0.00000000       1.40515935       1.10768795       1.40515935       1.10768795      -2.90428209       1.10768795      -2.90428209      -2.88366318    
   0.00000000       1.40510726       1.10763073       1.40510726       1.10763073      -2.90421939       1.10763073      -2.90421939      -2.88359785    
   0.00000000       1.40505517       1.10757351       1.40505517       1.10757351      -2.90415645       1.10757351      -2.90415645      -2.88353252    
   0.00000000       1.40500307       1.10751641       1.40500307       1.10751641      -2.90409350       1.10751641      -2.90409350      -2.88346696    
   0.00000000       1.40495098       1.10745919       1.40495098       1.10745919      -2.90403056       1.10745919      -2.90403056      -2.88340163    
   0.00000000       1.40489888       1.10740197       1.40489888       1.10740197      -2.90396762       1.10740197      -2.90396762      -2.88333607    
   0.00000000       1.40484679       1.10734487       1.40484679       1.10734487      -2.90390468       1.10734487      -2.90390468      -2.88327074    
   0.00000000       1.40479469       1.10728765       1.40479469       1.10728765      -2.90384150       1.10728765      -2.90384150      -2.88320518    
   0.00000000       1.40474260       1.10723054       1.40474260       1.10723054      -2.90377855       1.10723054      -2.90377855      -2.88313985    
   0.00000000       1.40469062       1.10717332       1.40469062       1.10717332      -2.90371561       1.10717332      -2.90371561      -2.88307428    
   0.00000000       1.40463853       1.10711622       1.40463853       1.10711622      -2.90365267       1.10711622      -2.90365267      -2.88300872    
   0.00000000       1.40458643       1.10705900       1.40458643       1.10705900      -2.90358973       1.10705900      -2.90358973      -2.88294339    
   0.00000000       1.40453434       1.10700190       1.40453434       1.10700190      -2.90352654       1.10700190      -2.90352654      -2.88287783    
   0.00000000       1.40448225       1.10694480       1.40448225       1.10694480      -2.90346360       1.10694480      -2.90346360      -2.88281226    
   0.00000000       1.40443015       1.10688758       1.40443015       1.10688758      -2.90340066       1.10688758      -2.90340066      -2.88274670    
   0.00000000       1.40437818       1.10683048       1.40437818       1.10683048      -2.90333748       1.10683048      -2.90333748      -2.88268113    
   0.00000000       1.40432608       1.10677338       1.40432608       1.10677338      -2.90327454       1.10677338      -2.90327454      -2.88261580    
   0.00000000       1.40427399       1.10671616       1.40427399       1.10671616      -2.90321136       1.10671616      -2.90321136      -2.88255024    
   0.00000000       1.40422201       1.10665905       1.40422201       1.10665905      -2.90314841       1.10665905      -2.90314841      -2.88248467    
   0.00000000       1.40416992       1.10660195       1.40416992       1.10660195      -2.90308523       1.10660195      -2.90308523      -2.88241911    
   0.00000000       1.40411782       1.10654485       1.40411782       1.10654485      -2.90302229       1.10654485      -2.90302229      -2.88235354    
   0.00000000       1.40406585       1.10648775       1.40406585       1.10648775      -2.90295911       1.10648775      -2.90295911      -2.88228798    
   0.00000000       1.40401375       1.10643065       1.40401375       1.10643065      -2.90289617       1.10643065      -2.90289617      -2.88222241    
   0.00000000       1.40396166       1.10637355       1.40396166       1.10637355      -2.90283298       1.10637355      -2.90283298      -2.88215685    
   0.00000000       1.40390968       1.10631633       1.40390968       1.10631633      -2.90276980       1.10631633      -2.90276980      -2.88209105    
   0.00000000       1.40385759       1.10625923       1.40385759       1.10625923      -2.90270662       1.10625923      -2.90270662      -2.88202548    
   0.00000000       1.40380561       1.10620213       1.40380561       1.10620213      -2.90264368       1.10620213      -2.90264368      -2.88195992    
   0.00000000       1.40375352       1.10614514       1.40375352       1.10614514      -2.90258050       1.10614514      -2.90258050      -2.88189435    
   0.00000000       1.40370154       1.10608804       1.40370154       1.10608804      -2.90251732       1.10608804      -2.90251732      -2.88182878    
   0.00000000       1.40364945       1.10603094       1.40364945       1.10603094      -2.90245414       1.10603094      -2.90245414      -2.88176298    
   0.00000000       1.40359747       1.10597384       1.40359747       1.10597384      -2.90239096       1.10597384      -2.90239096      -2.88169742    
   0.00000000       1.40354550       1.10591674       1.40354550       1.10591674      -2.90232778       1.10591674      -2.90232778      -2.88163185    
   0.00000000       1.40349340       1.10585964       1.40349340       1.10585964      -2.90226460       1.10585964      -2.90226460      -2.88156605    
   0.00000000       1.40344143       1.10580254       1.40344143       1.10580254      -2.90220141       1.10580254      -2.90220141      -2.88150048    
   0.00000000       1.40338945       1.10574555       1.40338945       1.10574555      -2.90213823       1.10574555      -2.90213823      -2.88143468    
   0.00000000       1.40333736       1.10568845       1.40333736       1.10568845      -2.90207505       1.10568845      -2.90207505      -2.88136911    
   0.00000000       1.40328538       1.10563135       1.40328538       1.10563135      -2.90201187       1.10563135      -2.90201187      -2.88130331    
   0.00000000       1.40323341       1.10557437       1.40323341       1.10557437      -2.90194869       1.10557437      -2.90194869      -2.88123775    
   0.00000000       1.40318143       1.10551727       1.40318143       1.10551727      -2.90188527       1.10551727      -2.90188527      -2.88117194    
   0.00000000       1.40312934       1.10546017       1.40312934       1.10546017      -2.90182209       1.10546017      -2.90182209      -2.88110638    
   0.00000000       1.40307736       1.10540318       1.40307736       1.10540318      -2.90175891       1.10540318      -2.90175891      -2.88104057    
   0.00000000       1.40302539       1.10534608       1.40302539       1.10534608      -2.90169573       1.10534608      -2.90169573      -2.88097477    
   0.00000000       1.40297341       1.10528910       1.40297341       1.10528910      -2.90163231       1.10528910      -2.90163231      -2.88090920    
   0.00000000       1.40292144       1.10523200       1.40292144       1.10523200      -2.90156913       1.10523200      -2.90156913      -2.88084340    
   0.00000000       1.40286946       1.10517502       1.40286946       1.10517502      -2.90150571       1.10517502      -2.90150571      -2.88077760    
   0.00000000       1.40281749       1.10511792       1.40281749       1.10511792      -2.90144253       1.10511792      -2.90144253      -2.88071179    
   0.00000000       1.40276539       1.10506094       1.40276539       1.10506094      -2.90137911       1.10506094      -2.90137911      -2.88064623    
   0.00000000       1.40271342       1.10500395       1.40271342       1.10500395      -2.90131593       1.10500395      -2.90131593      -2.88058043    
   0.00000000       1.40266144       1.10494685       1.40266144       1.10494685      -2.90125251       1.10494685      -2.90125251      -2.88051462    
   0.00000000       1.40260947       1.10488987       1.40260947       1.10488987      -2.90118933       1.10488987      -2.90118933      -2.88044882    
   0.00000000       1.40255749       1.10483289       1.40255749       1.10483289      -2.90112591       1.10483289      -2.90112591      -2.88038301    
   0.00000000       1.40250564       1.10477579       1.40250564       1.10477579      -2.90106249       1.10477579      -2.90106249      -2.88031721    
   0.00000000       1.40245366       1.10471880       1.40245366       1.10471880      -2.90099931       1.10471880      -2.90099931      -2.88025141    
   0.00000000       1.40240169       1.10466182       1.40240169       1.10466182      -2.90093589       1.10466182      -2.90093589      -2.88018560    
   0.00000000       1.40234971       1.10460484       1.40234971       1.10460484      -2.90087247       1.10460484      -2.90087247      -2.88011980    
   0.00000000       1.40229774       1.10454786       1.40229774       1.10454786      -2.90080905       1.10454786      -2.90080905      -2.88005400    
   0.00000000       1.40224576       1.10449076       1.40224576       1.10449076      -2.90074587       1.10449076      -2.90074587      -2.87998796    
   0.00000000       1.40219378       1.10443377       1.40219378       1.10443377      -2.90068245       1.10443377      -2.90068245      -2.87992215    
   0.00000000       1.40214193       1.10437679       1.40214193       1.10437679      -2.90061903       1.10437679      -2.90061903      -2.87985635    
   0.00000000       1.40208995       1.10431981       1.40208995       1.10431981      -2.90055561       1.10431981      -2.90055561      -2.87979054    
   0.00000000       1.40203798       1.10426283       1.40203798       1.10426283      -2.90049219       1.10426283      -2.90049219      -2.87972450    
   0.00000000       1.40198600       1.10420585       1.40198600       1.10420585      -2.90042877       1.10420585      -2.90042877      -2.87965870    
   0.00000000       1.40193415       1.10414886       1.40193415       1.10414886      -2.90036535       1.10414886      -2.90036535      -2.87959290    
   0.00000000       1.40188217       1.10409188       1.40188217       1.10409188      -2.90030193       1.10409188      -2.90030193      -2.87952685    
   0.00000000       1.40183020       1.10403502       1.40183020       1.10403502      -2.90023828       1.10403502      -2.90023828      -2.87946105    
   0.00000000       1.40177834       1.10397804       1.40177834       1.10397804      -2.90017486       1.10397804      -2.90017486      -2.87939525    
   0.00000000       1.40172637       1.10392106       1.40172637       1.10392106      -2.90011144       1.10392106      -2.90011144      -2.87932920    
   0.00000000       1.40167439       1.10386407       1.40167439       1.10386407      -2.90004802       1.10386407      -2.90004802      -2.87926340    
   0.00000000       1.40162253       1.10380709       1.40162253       1.10380709      -2.89998436       1.10380709      -2.89998436      -2.87919736    
   0.00000000       1.40157056       1.10375023       1.40157056       1.10375023      -2.89992094       1.10375023      -2.89992094      -2.87913132    
   0.00000000       1.40151870       1.10369325       1.40151870       1.10369325      -2.89985752       1.10369325      -2.89985752      -2.87906551    
   0.00000000       1.40146673       1.10363626       1.40146673       1.10363626      -2.89979386       1.10363626      -2.89979386      -2.87899947    
   0.00000000       1.40141487       1.10357940       1.40141487       1.10357940      -2.89973044       1.10357940      -2.89973044      -2.87893343    
   0.00000000       1.40136290       1.10352242       1.40136290       1.10352242      -2.89966679       1.10352242      -2.89966679      -2.87886763    
   0.00000000       1.40131104       1.10346544       1.40131104       1.10346544      -2.89960337       1.10346544      -2.89960337      -2.87880158    
   0.00000000       1.40125918       1.10340858       1.40125918       1.10340858      -2.89953971       1.10340858      -2.89953971      -2.87873554    
   0.00000000       1.40120721       1.10335159       1.40120721       1.10335159      -2.89947629       1.10335159      -2.89947629      -2.87866950    
   0.00000000       1.40115535       1.10329473       1.40115535       1.10329473      -2.89941263       1.10329473      -2.89941263      -2.87860370    
   0.00000000       1.40110350       1.10323775       1.40110350       1.10323775      -2.89934921       1.10323775      -2.89934921      -2.87853765    
   0.00000000       1.40105152       1.10318089       1.40105152       1.10318089      -2.89928555       1.10318089      -2.89928555      -2.87847161    
   0.00000000       1.40099967       1.10312390       1.40099967       1.10312390      -2.89922190       1.10312390      -2.89922190      -2.87840557    
   0.00000000       1.40094781       1.10306704       1.40094781       1.10306704      -2.89915824       1.10306704      -2.89915824      -2.87833953    
   0.00000000       1.40089583       1.10301018       1.40089583       1.10301018      -2.89909482       1.10301018      -2.89909482      -2.87827349    
   0.00000000       1.40084398       1.10295320       1.40084398       1.10295320      -2.89903116       1.10295320      -2.89903116      -2.87820745    
   0.00000000       1.40079212       1.10289633       1.40079212       1.10289633      -2.89896750       1.10289633      -2.89896750      -2.87814140    
   0.00000000       1.40074027       1.10283947       1.40074027       1.10283947      -2.89890385       1.10283947      -2.89890385      -2.87807536    
   0.00000000       1.40068841       1.10278261       1.40068841       1.10278261      -2.89884019       1.10278261      -2.89884019      -2.87800932    
   0.00000000       1.40063655       1.10272563       1.40063655       1.10272563      -2.89877653       1.10272563      -2.89877653      -2.87794304    
   0.00000000       1.40058458       1.10266876       1.40058458       1.10266876      -2.89871287       1.10266876      -2.89871287      -2.87787700    
   0.00000000       1.40053272       1.10261190       1.40053272       1.10261190      -2.89864922       1.10261190      -2.89864922      -2.87781096    
   0.00000000       1.40048087       1.10255504       1.40048087       1.10255504      -2.89858556       1.10255504      -2.89858556      -2.87774491    
   0.00000000       1.40042901       1.10249817       1.40042901       1.10249817      -2.89852190       1.10249817      -2.89852190      -2.87767863    
   0.00000000       1.40037715       1.10244131       1.40037715       1.10244131      -2.89845824       1.10244131      -2.89845824      -2.87761259    
   0.00000000       1.40032530       1.10238445       1.40032530       1.10238445      -2.89839458       1.10238445      -2.89839458      -2.87754655    
   0.00000000       1.40027344       1.10232759       1.40027344       1.10232759      -2.89833069       1.10232759      -2.89833069      -2.87748027    
   0.00000000       1.40022159       1.10227072       1.40022159       1.10227072      -2.89826703       1.10227072      -2.89826703      -2.87741423    
   0.00000000       1.40016973       1.10221386       1.40016973       1.10221386      -2.89820337       1.10221386      -2.89820337      -2.87734795    
   0.00000000       1.40011799       1.10215700       1.40011799       1.10215700      -2.89813972       1.10215700      -2.89813972      -2.87728190    
   0.00000000       1.40006614       1.10210013       1.40006614       1.10210013      -2.89807582       1.10210013      -2.89807582      -2.87721562    
   0.00000000       1.40001428       1.10204327       1.40001428       1.10204327      -2.89801216       1.10204327      -2.89801216      -2.87714958    
   0.00000000       1.39996243       1.10198641       1.39996243       1.10198641      -2.89794827       1.10198641      -2.89794827      -2.87708330    
   0.00000000       1.39991057       1.10192955       1.39991057       1.10192955      -2.89788461       1.10192955      -2.89788461      -2.87701726    
   0.00000000       1.39985871       1.10187280       1.39985871       1.10187280      -2.89782071       1.10187280      -2.89782071      -2.87695098    
   0.00000000       1.39980698       1.10181594       1.39980698       1.10181594      -2.89775705       1.10181594      -2.89775705      -2.87688470    
   0.00000000       1.39975512       1.10175908       1.39975512       1.10175908      -2.89769316       1.10175908      -2.89769316      -2.87681866    
   0.00000000       1.39970326       1.10170233       1.39970326       1.10170233      -2.89762950       1.10170233      -2.89762950      -2.87675238    
   0.00000000       1.39965141       1.10164547       1.39965141       1.10164547      -2.89756560       1.10164547      -2.89756560      -2.87668610    
   0.00000000       1.39959967       1.10158861       1.39959967       1.10158861      -2.89750171       1.10158861      -2.89750171      -2.87661982    
   0.00000000       1.39954782       1.10153186       1.39954782       1.10153186      -2.89743805       1.10153186      -2.89743805      -2.87655354    
   0.00000000       1.39949596       1.10147500       1.39949596       1.10147500      -2.89737415       1.10147500      -2.89737415      -2.87648726    
   0.00000000       1.39944422       1.10141814       1.39944422       1.10141814      -2.89731026       1.10141814      -2.89731026      -2.87642121    
   0.00000000       1.39939237       1.10136139       1.39939237       1.10136139      -2.89724636       1.10136139      -2.89724636      -2.87635493    
   0.00000000       1.39934063       1.10130453       1.39934063       1.10130453      -2.89718246       1.10130453      -2.89718246      -2.87628865    
   0.00000000       1.39928877       1.10124779       1.39928877       1.10124779      -2.89711881       1.10124779      -2.89711881      -2.87622237    
   0.00000000       1.39923704       1.10119104       1.39923704       1.10119104      -2.89705491       1.10119104      -2.89705491      -2.87615609    
   0.00000000       1.39918518       1.10113418       1.39918518       1.10113418      -2.89699101       1.10113418      -2.89699101      -2.87608957    
   0.00000000       1.39913344       1.10107744       1.39913344       1.10107744      -2.89692712       1.10107744      -2.89692712      -2.87602329    
   0.00000000       1.39908159       1.10102057       1.39908159       1.10102057      -2.89686322       1.10102057      -2.89686322      -2.87595701    
   0.00000000       1.39902985       1.10096383       1.39902985       1.10096383      -2.89679933       1.10096383      -2.89679933      -2.87589073    
   0.00000000       1.39897799       1.10090709       1.39897799       1.10090709      -2.89673519       1.10090709      -2.89673519      -2.87582445    
   0.00000000       1.39892626       1.10085034       1.39892626       1.10085034      -2.89667130       1.10085034      -2.89667130      -2.87575817    
   0.00000000       1.39887440       1.10079348       1.39887440       1.10079348      -2.89660740       1.10079348      -2.89660740      -2.87569165    
   0.00000000       1.39882267       1.10073674       1.39882267       1.10073674      -2.89654350       1.10073674      -2.89654350      -2.87562537    
   0.00000000       1.39877093       1.10067999       1.39877093       1.10067999      -2.89647961       1.10067999      -2.89647961      -2.87555909    
   0.00000000       1.39871907       1.10062325       1.39871907       1.10062325      -2.89641547       1.10062325      -2.89641547      -2.87549257    
   0.00000000       1.39866734       1.10056651       1.39866734       1.10056651      -2.89635158       1.10056651      -2.89635158      -2.87542629    
   0.00000000       1.39861560       1.10050976       1.39861560       1.10050976      -2.89628768       1.10050976      -2.89628768      -2.87536001    
   0.00000000       1.39856386       1.10045302       1.39856386       1.10045302      -2.89622355       1.10045302      -2.89622355      -2.87529349    
   0.00000000       1.39851213       1.10039628       1.39851213       1.10039628      -2.89615965       1.10039628      -2.89615965      -2.87522721    
   0.00000000       1.39846027       1.10033953       1.39846027       1.10033953      -2.89609551       1.10033953      -2.89609551      -2.87516069    
   0.00000000       1.39840853       1.10028279       1.39840853       1.10028279      -2.89603162       1.10028279      -2.89603162      -2.87509418    
   0.00000000       1.39835680       1.10022604       1.39835680       1.10022604      -2.89596748       1.10022604      -2.89596748      -2.87502789    
   0.00000000       1.39830506       1.10016930       1.39830506       1.10016930      -2.89590359       1.10016930      -2.89590359      -2.87496138    
   0.00000000       1.39825332       1.10011256       1.39825332       1.10011256      -2.89583945       1.10011256      -2.89583945      -2.87489510    
   0.00000000       1.39820158       1.10005581       1.39820158       1.10005581      -2.89577532       1.10005581      -2.89577532      -2.87482858    
   0.00000000       1.39814985       1.09999907       1.39814985       1.09999907      -2.89571142       1.09999907      -2.89571142      -2.87476206    
   0.00000000       1.39809811       1.09994233       1.39809811       1.09994233      -2.89564729       1.09994233      -2.89564729      -2.87469554    
   0.00000000       1.39804637       1.09988570       1.39804637       1.09988570      -2.89558315       1.09988570      -2.89558315      -2.87462926    
   0.00000000       1.39799464       1.09982896       1.39799464       1.09982896      -2.89551902       1.09982896      -2.89551902      -2.87456274    
   0.00000000       1.39794290       1.09977221       1.39794290       1.09977221      -2.89545512       1.09977221      -2.89545512      -2.87449622    
   0.00000000       1.39789116       1.09971547       1.39789116       1.09971547      -2.89539099       1.09971547      -2.89539099      -2.87442970    
   0.00000000       1.39783943       1.09965885       1.39783943       1.09965885      -2.89532685       1.09965885      -2.89532685      -2.87436318    
   0.00000000       1.39778769       1.09960210       1.39778769       1.09960210      -2.89526272       1.09960210      -2.89526272      -2.87429667    
   0.00000000       1.39773595       1.09954548       1.39773595       1.09954548      -2.89519858       1.09954548      -2.89519858      -2.87423015    
   0.00000000       1.39768422       1.09948874       1.39768422       1.09948874      -2.89513445       1.09948874      -2.89513445      -2.87416363    
   0.00000000       1.39763248       1.09943211       1.39763248       1.09943211      -2.89507031       1.09943211      -2.89507031      -2.87409711    
   0.00000000       1.39758086       1.09937537       1.39758086       1.09937537      -2.89500618       1.09937537      -2.89500618      -2.87403059    
   0.00000000       1.39752913       1.09931874       1.39752913       1.09931874      -2.89494205       1.09931874      -2.89494205      -2.87396407    
   0.00000000       1.39747739       1.09926200       1.39747739       1.09926200      -2.89487791       1.09926200      -2.89487791      -2.87389755    
   0.00000000       1.39742565       1.09920537       1.39742565       1.09920537      -2.89481354       1.09920537      -2.89481354      -2.87383103    
   0.00000000       1.39737403       1.09914863       1.39737403       1.09914863      -2.89474940       1.09914863      -2.89474940      -2.87376428    
   0.00000000       1.39732230       1.09909201       1.39732230       1.09909201      -2.89468527       1.09909201      -2.89468527      -2.87369776    
   0.00000000       1.39727056       1.09903538       1.39727056       1.09903538      -2.89462113       1.09903538      -2.89462113      -2.87363124    
   0.00000000       1.39721882       1.09897864       1.39721882       1.09897864       3.38862848       1.09897864       3.38862848       3.40962076    
   0.00000000       1.39716721       1.09892201       1.39716721       1.09892201       3.38869262       1.09892201       3.38869262       3.40968728    
   0.00000000       1.39711547       1.09886539       1.39711547       1.09886539       3.38875699       1.09886539       3.38875699       3.40975380    
   0.00000000       1.39706385       1.09880865       1.39706385       1.09880865       3.38882113       1.09880865       3.38882113       3.40982056    
   0.00000000       1.39701211       1.09875202       1.39701211       1.09875202       3.38888550       1.09875202       3.38888550       3.40988708    
   0.00000000       1.39696050       1.09869540       1.39696050       1.09869540       3.38894963       1.09869540       3.38894963       3.40995383    
   0.00000000       1.39690876       1.09863877       1.39690876       1.09863877       3.38901401       1.09863877       3.38901401       3.41002035    
   0.00000000       1.39685714       1.09858215       1.39685714       1.09858215       3.38907814       1.09858215       3.38907814       3.41008711    
   0.00000000       1.39680541       1.09852552       1.39680541       1.09852552       3.38914251       1.09852552       3.38914251       3.41015363    
   0.00000000       1.39675379       1.09846890       1.39675379       1.09846890       3.38920689       1.09846890       3.38920689       3.41022038    
   0.00000000       1.39670205       1.09841228       1.39670205       1.09841228       3.38927102       1.09841228       3.38927102       3.41028714    
   0.00000000       1.39665043       1.09835565       1.39665043       1.09835565       3.38933539       1.09835565       3.38933539       3.41035366    
   0.00000000       1.39659870       1.09829903       1.39659870       1.09829903       3.38939977       1.09829903       3.38939977       3.41042042    
   0.00000000       1.39654708       1.09824240       1.39654708       1.09824240       3.38946414       1.09824240       3.38946414       3.41048717    
   0.00000000       1.39649546       1.09818578       1.39649546       1.09818578       3.38952827       1.09818578       3.38952827       3.41055369    
   0.00000000       1.39644372       1.09812915       1.39644372       1.09812915       3.38959265       1.09812915       3.38959265       3.41062045    
   0.00000000       1.39639211       1.09807253       1.39639211       1.09807253       3.38965702       1.09807253       3.38965702       3.41068721    
   0.00000000       1.39634049       1.09801590       1.39634049       1.09801590       3.38972139       1.09801590       3.38972139       3.41075397    
   0.00000000       1.39628887       1.09795940       1.39628887       1.09795940       3.38978577       1.09795940       3.38978577       3.41082072    
   0.00000000       1.39623713       1.09790277       1.39623713       1.09790277       3.38985014       1.09790277       3.38985014       3.41088748    
   0.00000000       1.39618552       1.09784615       1.39618552       1.09784615       3.38991451       1.09784615       3.38991451       3.41095424    
   0.00000000       1.39613390       1.09778953       1.39613390       1.09778953       3.38997889       1.09778953       3.38997889       3.41102099    
   0.00000000       1.39608228       1.09773302       1.39608228       1.09773302       3.39004326       1.09773302       3.39004326       3.41108775    
   0.00000000       1.39603066       1.09767640       1.39603066       1.09767640       3.39010787       1.09767640       3.39010787       3.41115451    
   0.00000000       1.39597893       1.09761977       1.39597893       1.09761977       3.39017224       1.09761977       3.39017224       3.41122127    
   0.00000000       1.39592731       1.09756327       1.39592731       1.09756327       3.39023662       1.09756327       3.39023662       3.41128802    
   0.00000000       1.39587569       1.09750664       1.39587569       1.09750664       3.39030099       1.09750664       3.39030099       3.41135478    
   0.00000000       1.39582407       1.09745014       1.39582407       1.09745014       3.39036560       1.09745014       3.39036560       3.41142154    
   0.00000000       1.39577246       1.09739351       1.39577246       1.09739351       3.39042997       1.09739351       3.39042997       3.41148853    
   0.00000000       1.39572084       1.09733701       1.39572084       1.09733701       3.39049435       1.09733701       3.39049435       3.41155529    
   0.00000000       1.39566922       1.09728038       1.39566922       1.09728038       3.39055896       1.09728038       3.39055896       3.41162205    
   0.00000000       1.39561760       1.09722388       1.39561760       1.09722388       3.39062333       1.09722388       3.39062333       3.41168880    
   0.00000000       1.39556599       1.09716737       1.39556599       1.09716737       3.39068794       1.09716737       3.39068794       3.41175580    
   0.00000000       1.39551437       1.09711075       1.39551437       1.09711075       3.39075232       1.09711075       3.39075232       3.41182256    
   0.00000000       1.39546287       1.09705424       1.39546287       1.09705424       3.39081693       1.09705424       3.39081693       3.41188955    
   0.00000000       1.39541125       1.09699774       1.39541125       1.09699774       3.39088130       1.09699774       3.39088130       3.41195631    
   0.00000000       1.39535964       1.09694111       1.39535964       1.09694111       3.39094591       1.09694111       3.39094591       3.41202307    
   0.00000000       1.39530802       1.09688461       1.39530802       1.09688461       3.39101052       1.09688461       3.39101052       3.41209006    
   0.00000000       1.39525640       1.09682810       1.39525640       1.09682810       3.39107490       1.09682810       3.39107490       3.41215706    
   0.00000000       1.39520478       1.09677160       1.39520478       1.09677160       3.39113951       1.09677160       3.39113951       3.41222382    
   0.00000000       1.39515328       1.09671497       1.39515328       1.09671497       3.39120412       1.09671497       3.39120412       3.41229081    
   0.00000000       1.39510167       1.09665847       1.39510167       1.09665847       3.39126873       1.09665847       3.39126873       3.41235757    
   0.00000000       1.39505005       1.09660196       1.39505005       1.09660196       3.39133310       1.09660196       3.39133310       3.41242456    
   0.00000000       1.39499843       1.09654546       1.39499843       1.09654546       3.39139771       1.09654546       3.39139771       3.41249156    
   0.00000000       1.39494693       1.09648895       1.39494693       1.09648895       3.39146233       1.09648895       3.39146233       3.41255832    
   0.00000000       1.39489532       1.09643245       1.39489532       1.09643245       3.39152694       1.09643245       3.39152694       3.41262531    
   0.00000000       1.39484382       1.09637594       1.39484382       1.09637594       3.39159155       1.09637594       3.39159155       3.41269231    
   0.00000000       1.39479220       1.09631944       1.39479220       1.09631944       3.39165616       1.09631944       3.39165616       3.41275930    
   0.00000000       1.39474058       1.09626293       1.39474058       1.09626293       3.39172077       1.09626293       3.39172077       3.41282630    
   0.00000000       1.39468908       1.09620643       1.39468908       1.09620643       3.39178538       1.09620643       3.39178538       3.41289330    
   0.00000000       1.39463747       1.09614992       1.39463747       1.09614992       3.39184999       1.09614992       3.39184999       3.41296029    
   0.00000000       1.39458597       1.09609354       1.39458597       1.09609354       3.39191484       1.09609354       3.39191484       3.41302729    
   0.00000000       1.39453435       1.09603703       1.39453435       1.09603703       3.39197946       1.09603703       3.39197946       3.41309428    
   0.00000000       1.39448285       1.09598053       1.39448285       1.09598053       3.39204407       1.09598053       3.39204407       3.41316128    
   0.00000000       1.39443123       1.09592402       1.39443123       1.09592402       3.39210868       1.09592402       3.39210868       3.41322827    
   0.00000000       1.39437973       1.09586751       1.39437973       1.09586751       3.39217353       1.09586751       3.39217353       3.41329527    
   0.00000000       1.39432812       1.09581113       1.39432812       1.09581113       3.39223814       1.09581113       3.39223814       3.41336226    
   0.00000000       1.39427662       1.09575462       1.39427662       1.09575462       3.39230275       1.09575462       3.39230275       3.41342926    
   0.00000000       1.39422512       1.09569812       1.39422512       1.09569812       3.39236760       1.09569812       3.39236760       3.41349626    
   0.00000000       1.39417350       1.09564173       1.39417350       1.09564173       3.39243221       1.09564173       3.39243221       3.41356325    
   0.00000000       1.39412200       1.09558523       1.39412200       1.09558523       3.39249706       1.09558523       3.39249706       3.41363049    
   0.00000000       1.39407051       1.09552884       1.39407051       1.09552884       3.39256167       1.09552884       3.39256167       3.41369748    
   0.00000000       1.39401901       1.09547234       1.39401901       1.09547234       3.39262652       1.09547234       3.39262652       3.41376448    
   0.00000000       1.39396739       1.09541595       1.39396739       1.09541595       3.39269114       1.09541595       3.39269114       3.41383171    
   0.00000000       1.39391589       1.09535944       1.39391589       1.09535944       3.39275599       1.09535944       3.39275599       3.41389871    
   0.00000000       1.39386439       1.09530306       1.39386439       1.09530306       3.39282084       1.09530306       3.39282084       3.41396570    
   0.00000000       1.39381289       1.09524655       1.39381289       1.09524655       3.39288545       1.09524655       3.39288545       3.41403294    
   0.00000000       1.39376128       1.09519017       1.39376128       1.09519017       3.39295030       1.09519017       3.39295030       3.41409993    
   0.00000000       1.39370978       1.09513378       1.39370978       1.09513378       3.39301515       1.09513378       3.39301515       3.41416717    
   0.00000000       1.39365828       1.09507728       1.39365828       1.09507728       3.39308000       1.09507728       3.39308000       3.41423416    
   0.00000000       1.39360678       1.09502089       1.39360678       1.09502089       3.39314461       1.09502089       3.39314461       3.41430140    
   0.00000000       1.39355528       1.09496450       1.39355528       1.09496450       3.39320946       1.09496450       3.39320946       3.41436863    
   0.00000000       1.39350379       1.09490800       1.39350379       1.09490800       3.39327431       1.09490800       3.39327431       3.41443563    
   0.00000000       1.39345229       1.09485161       1.39345229       1.09485161       3.39333916       1.09485161       3.39333916       3.41450286    
   0.00000000       1.39340079       1.09479523       1.39340079       1.09479523       3.39340401       1.09479523       3.39340401       3.41457009    
   0.00000000       1.39334929       1.09473884       1.39334929       1.09473884       3.39346886       1.09473884       3.39346886       3.41463709    
   0.00000000       1.39329779       1.09468246       1.39329779       1.09468246       3.39353371       1.09468246       3.39353371       3.41470432    
   0.00000000       1.39324629       1.09462607       1.39324629       1.09462607       3.39359856       1.09462607       3.39359856       3.41477156    
   0.00000000       1.39319479       1.09456956       1.39319479       1.09456956       3.39366341       1.09456956       3.39366341       3.41483879    
   0.00000000       1.39314330       1.09451318       1.39314330       1.09451318       3.39372849       1.09451318       3.39372849       3.41490602    
   0.00000000       1.39309180       1.09445679       1.39309180       1.09445679       3.39379334       1.09445679       3.39379334       3.41497326    
   0.00000000       1.39304042       1.09440041       1.39304042       1.09440041       3.39385819       1.09440041       3.39385819       3.41504049    
   0.00000000       1.39298892       1.09434402       1.39298892       1.09434402       3.39392304       1.09434402       3.39392304       3.41510773    
   0.00000000       1.39293742       1.09428775       1.39293742       1.09428775       3.39398813       1.09428775       3.39398813       3.41517496    
   0.00000000       1.39288592       1.09423137       1.39288592       1.09423137       3.39405298       1.09423137       3.39405298       3.41524220    
   0.00000000       1.39283442       1.09417498       1.39283442       1.09417498       3.39411783       1.09417498       3.39411783       3.41530943    
   0.00000000       1.39278305       1.09411860       1.39278305       1.09411860       3.39418292       1.09411860       3.39418292       3.41537666    
   0.00000000       1.39273155       1.09406221       1.39273155       1.09406221       3.39424777       1.09406221       3.39424777       3.41544390    
   0.00000000       1.39268005       1.09400582       1.39268005       1.09400582       3.39431286       1.09400582       3.39431286       3.41551113    
   0.00000000       1.39262867       1.09394956       1.39262867       1.09394956       3.39437771       1.09394956       3.39437771       3.41557837    
   0.00000000       1.39257717       1.09389317       1.39257717       1.09389317       3.39444280       1.09389317       3.39444280       3.41564560    
   0.00000000       1.39252567       1.09383678       1.39252567       1.09383678       3.39450765       1.09383678       3.39450765       3.41571307    
   0.00000000       1.39247429       1.09378040       1.39247429       1.09378040       3.39457273       1.09378040       3.39457273       3.41578031    
   0.00000000       1.39242280       1.09372413       1.39242280       1.09372413       3.39463782       1.09372413       3.39463782       3.41584754    
   0.00000000       1.39237142       1.09366775       1.39237142       1.09366775       3.39470291       1.09366775       3.39470291       3.41591501    
   0.00000000       1.39231992       1.09361148       1.39231992       1.09361148       3.39476776       1.09361148       3.39476776       3.41598225    
   0.00000000       1.39226842       1.09355509       1.39226842       1.09355509       3.39483285       1.09355509       3.39483285       3.41604972    
   0.00000000       1.39221704       1.09349871       1.39221704       1.09349871       3.39489794       1.09349871       3.39489794       3.41611695    
   0.00000000       1.39216554       1.09344244       1.39216554       1.09344244       3.39496303       1.09344244       3.39496303       3.41618419    
   0.00000000       1.39211416       1.09338605       1.39211416       1.09338605       3.39502811       1.09338605       3.39502811       3.41625166    
   0.00000000       1.39206278       1.09332979       1.39206278       1.09332979       3.39509320       1.09332979       3.39509320       3.41631913    
   0.00000000       1.39201128       1.09327352       1.39201128       1.09327352       3.39515805       1.09327352       3.39515805       3.41638637    
   0.00000000       1.39195991       1.09321713       1.39195991       1.09321713       3.39522314       1.09321713       3.39522314       3.41645384    
   0.00000000       1.39190841       1.09316087       1.39190841       1.09316087       3.39528847       1.09316087       3.39528847       3.41652107    
   0.00000000       1.39185703       1.09310448       1.39185703       1.09310448       3.39535356       1.09310448       3.39535356       3.41658854    
   0.00000000       1.39180565       1.09304821       1.39180565       1.09304821       3.39541864       1.09304821       3.39541864       3.41665602    
   0.00000000       1.39175415       1.09299195       1.39175415       1.09299195       3.39548373       1.09299195       3.39548373       3.41672349    
   0.00000000       1.39170277       1.09293568       1.39170277       1.09293568       3.39554882       1.09293568       3.39554882       3.41679072    
   0.00000000       1.39165139       1.09287930       1.39165139       1.09287930       3.39561391       1.09287930       3.39561391       3.41685820    
   0.00000000       1.39160001       1.09282303       1.39160001       1.09282303       3.39567900       1.09282303       3.39567900       3.41692567    
   0.00000000       1.39154863       1.09276676       1.39154863       1.09276676       3.39574432       1.09276676       3.39574432       3.41699314    
   0.00000000       1.39149714       1.09271049       1.39149714       1.09271049       3.39580941       1.09271049       3.39580941       3.41706061    
   0.00000000       1.39144576       1.09265423       1.39144576       1.09265423       3.39587450       1.09265423       3.39587450       3.41712809    
   0.00000000       1.39139438       1.09259796       1.39139438       1.09259796       3.39593983       1.09259796       3.39593983       3.41719556    
   0.00000000       1.39134300       1.09254169       1.39134300       1.09254169       3.39600492       1.09254169       3.39600492       3.41726303    
   0.00000000       1.39129162       1.09248543       1.39129162       1.09248543       3.39607024       1.09248543       3.39607024       3.41733050    
   0.00000000       1.39124024       1.09242916       1.39124024       1.09242916       3.39613533       1.09242916       3.39613533       3.41739798    
   0.00000000       1.39118886       1.09237289       1.39118886       1.09237289       3.39620066       1.09237289       3.39620066       3.41746545    
   0.00000000       1.39113748       1.09231663       1.39113748       1.09231663       3.39626575       1.09231663       3.39626575       3.41753292    
   0.00000000       1.39108610       1.09226036       1.39108610       1.09226036       3.39633107       1.09226036       3.39633107       3.41760039    
   0.00000000       1.39103472       1.09220409       1.39103472       1.09220409       3.39639640       1.09220409       3.39639640       3.41766787    
   0.00000000       1.39098334       1.09214783       1.39098334       1.09214783       3.39646149       1.09214783       3.39646149       3.41773558    
   0.00000000       1.39093196       1.09209156       1.39093196       1.09209156       3.39652681       1.09209156       3.39652681       3.41780305    
   0.00000000       1.39088058       1.09203529       1.39088058       1.09203529       3.39659214       1.09203529       3.39659214       3.41787052    
   0.00000000       1.39082921       1.09197915       1.39082921       1.09197915       3.39665723       1.09197915       3.39665723       3.41793823    
   0.00000000       1.39077783       1.09192288       1.39077783       1.09192288       3.39672256       1.09192288       3.39672256       3.41800570    
   0.00000000       1.39072645       1.09186661       1.39072645       1.09186661       3.39678788       1.09186661       3.39678788       3.41807318    
   0.00000000       1.39067507       1.09181046       1.39067507       1.09181046       3.39685321       1.09181046       3.39685321       3.41814089    
   0.00000000       1.39062381       1.09175420       1.39062381       1.09175420       3.39691854       1.09175420       3.39691854       3.41820836    
   0.00000000       1.39057243       1.09169793       1.39057243       1.09169793       3.39698386       1.09169793       3.39698386       3.41827607    
   0.00000000       1.39052105       1.09164178       1.39052105       1.09164178       3.39704919       1.09164178       3.39704919       3.41834354    
   0.00000000       1.39046967       1.09158552       1.39046967       1.09158552       3.39711452       1.09158552       3.39711452       3.41841125    
   0.00000000       1.39041829       1.09152937       1.39041829       1.09152937       3.39717984       1.09152937       3.39717984       3.41847873    
   0.00000000       1.39036703       1.09147310       1.39036703       1.09147310       3.39724517       1.09147310       3.39724517       3.41854644    
   0.00000000       1.39031565       1.09141695       1.39031565       1.09141695       3.39731050       1.09141695       3.39731050       3.41861415    
   0.00000000       1.39026427       1.09136069       1.39026427       1.09136069       3.39737606       1.09136069       3.39737606       3.41868162    
   0.00000000       1.39021301       1.09130454       1.39021301       1.09130454       3.39744139       1.09130454       3.39744139       3.41874933    
   0.00000000       1.39016163       1.09124827       1.39016163       1.09124827       3.39750671       1.09124827       3.39750671       3.41881704    
   0.00000000       1.39011037       1.09119213       1.39011037       1.09119213       3.39757204       1.09119213       3.39757204       3.41888475    
   0.00000000       1.39005899       1.09113598       1.39005899       1.09113598       3.39763761       1.09113598       3.39763761       3.41895223    
   0.00000000       1.39000773       1.09107971       1.39000773       1.09107971       3.39770293       1.09107971       3.39770293       3.41901994    
   0.00000000       1.38995636       1.09102356       1.38995636       1.09102356       3.39776826       1.09102356       3.39776826       3.41908765    
   0.00000000       1.38990498       1.09096742       1.38990498       1.09096742       3.39783382       1.09096742       3.39783382       3.41915536    
   0.00000000       1.38985372       1.09091115       1.38985372       1.09091115       3.39789915       1.09091115       3.39789915       3.41922307    
   0.00000000       1.38980246       1.09085500       1.38980246       1.09085500       3.39796472       1.09085500       3.39796472       3.41929078    
   0.00000000       1.38975108       1.09079885       1.38975108       1.09079885       3.39803004       1.09079885       3.39803004       3.41935849    
   0.00000000       1.38969982       1.09074271       1.38969982       1.09074271       3.39809561       1.09074271       3.39809561       3.41942620    
   0.00000000       1.38964844       1.09068656       1.38964844       1.09068656       3.39816117       1.09068656       3.39816117       3.41949391    
   0.00000000       1.38959718       1.09063041       1.38959718       1.09063041       3.39822650       1.09063041       3.39822650       3.41956162    
   0.00000000       1.38954592       1.09057426       1.38954592       1.09057426       3.39829206       1.09057426       3.39829206       3.41962934    
   0.00000000       1.38949454       1.09051812       1.38949454       1.09051812       3.39835763       1.09051812       3.39835763       3.41969728    
   0.00000000       1.38944328       1.09046197       1.38944328       1.09046197       3.39842296       1.09046197       3.39842296       3.41976500    
   0.00000000       1.38939202       1.09040582       1.38939202       1.09040582       3.39848852       1.09040582       3.39848852       3.41983271    
   0.00000000       1.38934064       1.09034967       1.38934064       1.09034967       3.39855409       1.09034967       3.39855409       3.41990042    
   0.00000000       1.38928938       1.09029353       1.38928938       1.09029353       3.39861965       1.09029353       3.39861965       3.41996837    
   0.00000000       1.38923812       1.09023738       1.38923812       1.09023738       3.39868522       1.09023738       3.39868522       3.42003608    
   0.00000000       1.38918686       1.09018123       1.38918686       1.09018123       3.39875078       1.09018123       3.39875078       3.42010379    
   0.00000000       1.38913560       1.09012508       1.38913560       1.09012508       3.39881635       1.09012508       3.39881635       3.42017174    
   0.00000000       1.38908422       1.09006894       1.38908422       1.09006894       3.39888191       1.09006894       3.39888191       3.42023945    
   0.00000000       1.38903296       1.09001291       1.38903296       1.09001291       3.39894748       1.09001291       3.39894748       3.42030740    
   0.00000000       1.38898170       1.08995676       1.38898170       1.08995676       3.39901304       1.08995676       3.39901304       3.42037511    
   0.00000000       1.38893044       1.08990061       1.38893044       1.08990061       3.39907861       1.08990061       3.39907861       3.42044306    
   0.00000000       1.38887918       1.08984447       1.38887918       1.08984447       3.39914417       1.08984447       3.39914417       3.42051077    
   0.00000000       1.38882792       1.08978844       1.38882792       1.08978844       3.39920974       1.08978844       3.39920974       3.42057872    
   0.00000000       1.38877666       1.08973229       1.38877666       1.08973229       3.39927554       1.08973229       3.39927554       3.42064667    
   0.00000000       1.38872540       1.08967614       1.38872540       1.08967614       3.39934111       1.08967614       3.39934111       3.42071438    
   0.00000000       1.38867414       1.08962011       1.38867414       1.08962011       3.39940667       1.08962011       3.39940667       3.42078233    
   0.00000000       1.38862288       1.08956397       1.38862288       1.08956397       3.39947224       1.08956397       3.39947224       3.42085028    
   0.00000000       1.38857162       1.08950794       1.38857162       1.08950794       3.39953804       1.08950794       3.39953804       3.42091799    
   0.00000000      -4.89466476       1.08945179      -4.89466476       1.08945179       3.39960361       1.08945179       3.39960361       3.42098594    
   0.00000000      -4.89471626       1.08939576      -4.89471626       1.08939576       3.39966941       1.08939576       3.39966941       3.42105389    
   0.00000000      -4.89476728       1.08933961      -4.89476728       1.08933961       3.39973497       1.08933961       3.39973497       3.42112184    
   0.00000000      -4.89481878       1.08928359      -4.89481878       1.08928359       3.39980078       1.08928359       3.39980078       3.42118979    
   0.00000000      -4.89486980       1.08922756      -4.89486980       1.08922756       3.39986634       1.08922756       3.39986634       3.42125773    
   0.00000000      -4.89492130       1.08917141      -4.89492130       1.08917141       3.39993215       1.08917141       3.39993215       3.42132568    
   0.00000000      -4.89497232       1.08911538      -4.89497232       1.08911538       3.39999771       1.08911538       3.39999771       3.42139363    
   0.00000000      -4.89502382       1.08905935      -4.89502382       1.08905935       3.40006351       1.08905935       3.40006351       3.42146158    
   0.00000000      -4.89507484       1.08900321      -4.89507484       1.08900321       3.40012932       1.08900321       3.40012932       3.42152953    
   0.00000000      -4.89512587       1.08894718      -4.89512587       1.08894718       3.40019512       1.08894718       3.40019512       3.42159748    
   0.00000000      -4.89517736       1.08889115      -4.89517736       1.08889115       3.40026069       1.08889115       3.40026069       3.42166543    
   0.00000000      -4.89522839       1.08883512      -4.89522839       1.08883512       3.40032649       1.08883512       3.40032649       3.42173338    
   0.00000000      -4.89527988       1.08877909      -4.89527988       1.08877909       3.40039229       1.08877909       3.40039229       3.42180133    
   0.00000000      -4.89533091       1.08872294      -4.89533091       1.08872294       3.40045810       1.08872294       3.40045810       3.42186928    
   0.00000000      -4.89538193       1.08866692      -4.89538193       1.08866692       3.40052390       1.08866692       3.40052390       3.42193747    
   0.00000000      -4.89543343       1.08861089      -4.89543343       1.08861089       3.40058970       1.08861089       3.40058970       3.42200541    
   0.00000000      -4.89548445       1.08855486      -4.89548445       1.08855486       3.40065551       1.08855486       3.40065551       3.42207336    
   0.00000000      -4.89553595       1.08849883      -4.89553595       1.08849883       3.40072131       1.08849883       3.40072131       3.42214155    
   0.00000000      -4.89558697       1.08844280      -4.89558697       1.08844280       3.40078712       1.08844280       3.40078712       3.42220950    
   0.00000000      -4.89563799       1.08838677      -4.89563799       1.08838677       3.40085292       1.08838677       3.40085292       3.42227745    
   0.00000000      -4.89568949       1.08833075      -4.89568949       1.08833075       3.40091872       1.08833075       3.40091872       3.42234564    
   0.00000000      -4.89574051       1.08827472      -4.89574051       1.08827472       3.40098453       1.08827472       3.40098453       3.42241359    
   0.00000000      -4.89579153       1.08821869      -4.89579153       1.08821869       3.40105033       1.08821869       3.40105033       3.42248178    
   0.00000000      -4.89584303       1.08816278      -4.89584303       1.08816278       3.40111637       1.08816278       3.40111637       3.42254972    
   0.00000000      -4.89589405       1.08810675      -4.89589405       1.08810675       3.40118217       1.08810675       3.40118217       3.42261791    
   0.00000000      -4.89594507       1.08805072      -4.89594507       1.08805072       3.40124798       1.08805072       3.40124798       3.42268610    
   0.00000000      -4.89599657       1.08799469      -4.89599657       1.08799469       3.40131378       1.08799469       3.40131378       3.42275405    
   0.00000000      -4.89604759       1.08793867      -4.89604759       1.08793867       3.40137982       1.08793867       3.40137982       3.42282224    
   0.00000000      -4.89609861       1.08788276      -4.89609861       1.08788276       3.40144563       1.08788276       3.40144563       3.42289042    
   0.00000000      -4.89615011       1.08782673      -4.89615011       1.08782673       3.40151167       1.08782673       3.40151167       3.42295837    
